[(5, 0), (7, 2), (7, 5), (5, 7), (5, 7), (7, 5), (5, 0), (7, 2)]
[(4, 1), (6, 3), (6, 4), (4, 6), (4, 6), (6, 4), (4, 1), (6, 3)]
[(5, 1), (7, 3), (7, 5), (5, 7), (5, 7), (7, 5), (5, 1), (7, 3)]
[(4, 0), (6, 2), (6, 4), (4, 6), (4, 6), (6, 4), (4, 0), (6, 2)]
[(4, 1), (7, 2), (7, 4), (4, 7), (4, 7), (7, 4), (4, 1), (7, 2)]
[(4, 0), (7, 3), (7, 4), (4, 7), (4, 7), (7, 4), (4, 0), (7, 3)]
[(1, 0), (3, 2), (3, 1), (1, 3), (1, 3), (3, 1), (1, 0), (3, 2)]
[(5, 4), (7, 6), (7, 5), (5, 7), (5, 7), (7, 5), (5, 4), (7, 6)]
[(5, 1), (6, 2), (6, 5), (5, 6), (5, 6), (6, 5), (5, 1), (6, 2)]
[(5, 0), (6, 3), (6, 5), (5, 6), (5, 6), (6, 5), (5, 0), (6, 3)]
[(4, 1), (5, 0), (6, 3), (6, 4), (4, 6), (4, 6), (6, 4), (4, 1), (6, 3), (7, 2), (7, 5), (5, 7), (5, 7), (7, 5), (5, 0), (7, 2)]
[(5, 0), (7, 2), (7, 5), (5, 7), (5, 7), (7, 5), (5, 0), (5, 1), (7, 2), (7, 3), (7, 5), (5, 7), (5, 7), (7, 5), (5, 1), (7, 3)]
[(5, 0), (7, 2), (7, 5), (5, 7), (5, 7), (7, 5), (5, 0), (4, 0), (7, 2), (6, 2), (6, 4), (4, 6), (4, 6), (6, 4), (4, 0), (6, 2)]
[(4, 1), (5, 0), (7, 2), (7, 5), (5, 7), (5, 7), (7, 5), (5, 0), (7, 4), (4, 7), (4, 7), (7, 4), (4, 1), (7, 2)]
[(5, 0), (7, 2), (7, 5), (5, 7), (5, 7), (7, 5), (5, 0), (4, 0), (7, 2), (7, 3), (7, 4), (4, 7), (4, 7), (7, 4), (4, 0), (7, 3)]
[(5, 0), (7, 2), (7, 5), (5, 7), (5, 7), (7, 5), (5, 0), (1, 0), (7, 2), (3, 2), (3, 1), (1, 3), (1, 3), (3, 1), (1, 0), (3, 2)]
[(5, 0), (7, 2), (7, 5), (5, 7), (5, 7), (7, 5), (5, 0), (5, 4), (7, 2), (7, 6), (7, 5), (5, 7), (5, 7), (7, 5), (5, 4), (7, 6)]
[(5, 0), (7, 2), (7, 5), (5, 7), (5, 7), (7, 5), (5, 0), (5, 1), (7, 2), (6, 2), (6, 5), (5, 6), (5, 6), (6, 5), (5, 1), (6, 2)]
[(5, 0), (6, 3), (7, 2), (7, 5), (5, 7), (5, 7), (7, 5), (6, 5), (5, 6), (5, 6), (6, 5), (5, 0), (6, 3), (7, 2)]
[(4, 1), (6, 3), (6, 4), (4, 6), (4, 6), (6, 4), (4, 1), (5, 1), (6, 3), (7, 3), (7, 5), (5, 7), (5, 7), (7, 5), (5, 1), (7, 3)]
[(4, 1), (6, 3), (6, 4), (4, 6), (4, 6), (6, 4), (4, 1), (4, 0), (6, 3), (6, 2), (6, 4), (4, 6), (4, 6), (6, 4), (4, 0), (6, 2)]
[(4, 1), (6, 3), (6, 4), (4, 6), (4, 6), (6, 4), (6, 3), (7, 2), (7, 4), (4, 7), (4, 7), (7, 4), (4, 1), (7, 2)]
[(4, 1), (6, 3), (6, 4), (4, 6), (4, 6), (6, 4), (4, 1), (4, 0), (6, 3), (7, 3), (7, 4), (4, 7), (4, 7), (7, 4), (4, 0), (7, 3)]
[(4, 1), (6, 3), (6, 4), (4, 6), (4, 6), (6, 4), (4, 1), (1, 0), (6, 3), (3, 2), (3, 1), (1, 3), (1, 3), (3, 1), (1, 0), (3, 2)]
[(4, 1), (6, 3), (6, 4), (4, 6), (4, 6), (6, 4), (4, 1), (5, 4), (6, 3), (7, 6), (7, 5), (5, 7), (5, 7), (7, 5), (5, 4), (7, 6)]
[(4, 1), (6, 3), (6, 4), (4, 6), (4, 6), (6, 4), (4, 1), (5, 1), (6, 3), (6, 2), (6, 5), (5, 6), (5, 6), (6, 5), (5, 1), (6, 2)]
[(4, 1), (5, 0), (6, 3), (6, 4), (4, 6), (4, 6), (6, 4), (4, 1), (6, 5), (5, 6), (5, 6), (6, 5), (5, 0), (6, 3)]
[(4, 0), (5, 1), (6, 2), (6, 4), (4, 6), (4, 6), (6, 4), (4, 0), (6, 2), (7, 3), (7, 5), (5, 7), (5, 7), (7, 5), (5, 1), (7, 3)]
[(5, 1), (7, 3), (7, 5), (5, 7), (5, 7), (7, 5), (5, 1), (4, 1), (7, 3), (7, 2), (7, 4), (4, 7), (4, 7), (7, 4), (4, 1), (7, 2)]
[(4, 0), (5, 1), (7, 3), (7, 5), (5, 7), (5, 7), (7, 5), (5, 1), (7, 4), (4, 7), (4, 7), (7, 4), (4, 0), (7, 3)]
[(5, 1), (7, 3), (7, 5), (5, 7), (5, 7), (7, 5), (5, 1), (1, 0), (7, 3), (3, 2), (3, 1), (1, 3), (1, 3), (3, 1), (1, 0), (3, 2)]
[(5, 1), (7, 3), (7, 5), (5, 7), (5, 7), (7, 5), (5, 1), (5, 4), (7, 3), (7, 6), (7, 5), (5, 7), (5, 7), (7, 5), (5, 4), (7, 6)]
[(5, 1), (6, 2), (7, 3), (7, 5), (5, 7), (5, 7), (7, 5), (6, 5), (5, 6), (5, 6), (6, 5), (5, 1), (6, 2), (7, 3)]
[(5, 1), (7, 3), (7, 5), (5, 7), (5, 7), (7, 5), (5, 1), (5, 0), (7, 3), (6, 3), (6, 5), (5, 6), (5, 6), (6, 5), (5, 0), (6, 3)]
[(4, 0), (6, 2), (6, 4), (4, 6), (4, 6), (6, 4), (4, 0), (4, 1), (6, 2), (7, 2), (7, 4), (4, 7), (4, 7), (7, 4), (4, 1), (7, 2)]
[(4, 0), (6, 2), (6, 4), (4, 6), (4, 6), (6, 4), (6, 2), (7, 3), (7, 4), (4, 7), (4, 7), (7, 4), (4, 0), (7, 3)]
[(4, 0), (6, 2), (6, 4), (4, 6), (4, 6), (6, 4), (4, 0), (1, 0), (6, 2), (3, 2), (3, 1), (1, 3), (1, 3), (3, 1), (1, 0), (3, 2)]
[(4, 0), (6, 2), (6, 4), (4, 6), (4, 6), (6, 4), (4, 0), (5, 4), (6, 2), (7, 6), (7, 5), (5, 7), (5, 7), (7, 5), (5, 4), (7, 6)]
[(4, 0), (5, 1), (6, 2), (6, 4), (4, 6), (4, 6), (6, 4), (4, 0), (6, 5), (5, 6), (5, 6), (6, 5), (5, 1), (6, 2)]
[(4, 0), (6, 2), (6, 4), (4, 6), (4, 6), (6, 4), (4, 0), (5, 0), (6, 2), (6, 3), (6, 5), (5, 6), (5, 6), (6, 5), (5, 0), (6, 3)]
[(4, 1), (7, 2), (7, 4), (4, 7), (4, 7), (7, 4), (4, 1), (4, 0), (7, 2), (7, 3), (7, 4), (4, 7), (4, 7), (7, 4), (4, 0), (7, 3)]
[(4, 1), (7, 2), (7, 4), (4, 7), (4, 7), (7, 4), (4, 1), (1, 0), (7, 2), (3, 2), (3, 1), (1, 3), (1, 3), (3, 1), (1, 0), (3, 2)]
[(4, 1), (7, 2), (7, 4), (4, 7), (4, 7), (7, 4), (4, 1), (5, 4), (7, 2), (7, 6), (7, 5), (5, 7), (5, 7), (7, 5), (5, 4), (7, 6)]
[(4, 1), (7, 2), (7, 4), (4, 7), (4, 7), (7, 4), (4, 1), (5, 1), (7, 2), (6, 2), (6, 5), (5, 6), (5, 6), (6, 5), (5, 1), (6, 2)]
[(4, 1), (5, 0), (6, 3), (6, 5), (5, 6), (5, 6), (6, 5), (5, 0), (6, 3), (7, 2), (7, 4), (4, 7), (4, 7), (7, 4), (4, 1), (7, 2)]
[(4, 0), (7, 3), (7, 4), (4, 7), (4, 7), (7, 4), (4, 0), (1, 0), (7, 3), (3, 2), (3, 1), (1, 3), (1, 3), (3, 1), (1, 0), (3, 2)]
[(4, 0), (7, 3), (7, 4), (4, 7), (4, 7), (7, 4), (4, 0), (5, 4), (7, 3), (7, 6), (7, 5), (5, 7), (5, 7), (7, 5), (5, 4), (7, 6)]
[(4, 0), (5, 1), (6, 2), (6, 5), (5, 6), (5, 6), (6, 5), (5, 1), (6, 2), (7, 3), (7, 4), (4, 7), (4, 7), (7, 4), (4, 0), (7, 3)]
[(4, 0), (7, 3), (7, 4), (4, 7), (4, 7), (7, 4), (4, 0), (5, 0), (7, 3), (6, 3), (6, 5), (5, 6), (5, 6), (6, 5), (5, 0), (6, 3)]
[(1, 0), (3, 2), (3, 1), (1, 3), (1, 3), (3, 1), (1, 0), (3, 2), (5, 4), (7, 6), (7, 5), (5, 7), (5, 7), (7, 5), (5, 4), (7, 6)]
[(1, 0), (3, 2), (3, 1), (1, 3), (1, 3), (3, 1), (1, 0), (3, 2), (5, 1), (6, 2), (6, 5), (5, 6), (5, 6), (6, 5), (5, 1), (6, 2)]
[(1, 0), (3, 2), (3, 1), (1, 3), (1, 3), (3, 1), (1, 0), (3, 2), (5, 0), (6, 3), (6, 5), (5, 6), (5, 6), (6, 5), (5, 0), (6, 3)]
[(5, 4), (7, 6), (7, 5), (5, 7), (5, 7), (7, 5), (5, 4), (5, 1), (7, 6), (6, 2), (6, 5), (5, 6), (5, 6), (6, 5), (5, 1), (6, 2)]
[(5, 4), (7, 6), (7, 5), (5, 7), (5, 7), (7, 5), (5, 4), (5, 0), (7, 6), (6, 3), (6, 5), (5, 6), (5, 6), (6, 5), (5, 0), (6, 3)]
[(5, 1), (6, 2), (6, 5), (5, 6), (5, 6), (6, 5), (5, 1), (5, 0), (6, 2), (6, 3), (6, 5), (5, 6), (5, 6), (6, 5), (5, 0), (6, 3)]
[(4, 1), (5, 0), (6, 3), (6, 4), (4, 6), (4, 6), (6, 4), (4, 1), (6, 3), (7, 2), (7, 5), (5, 7), (5, 7), (7, 5), (5, 0), (5, 1), (7, 2), (7, 3), (7, 5), (5, 7), (5, 7), (7, 5), (5, 1), (7, 3)]
[(4, 1), (5, 0), (6, 3), (6, 4), (4, 6), (4, 6), (6, 4), (4, 1), (6, 3), (7, 2), (7, 5), (5, 7), (5, 7), (7, 5), (5, 0), (4, 0), (7, 2), (6, 2), (6, 4), (4, 6), (4, 6), (6, 4), (4, 0), (6, 2)]
[(4, 1), (5, 0), (6, 3), (6, 4), (4, 6), (4, 6), (6, 4), (6, 3), (7, 2), (7, 5), (5, 7), (5, 7), (7, 5), (5, 0), (7, 4), (4, 7), (4, 7), (7, 4), (4, 1), (7, 2)]
[(4, 1), (5, 0), (6, 3), (6, 4), (4, 6), (4, 6), (6, 4), (4, 1), (6, 3), (7, 2), (7, 5), (5, 7), (5, 7), (7, 5), (5, 0), (4, 0), (7, 2), (7, 3), (7, 4), (4, 7), (4, 7), (7, 4), (4, 0), (7, 3)]
[(4, 1), (5, 0), (6, 3), (6, 4), (4, 6), (4, 6), (6, 4), (4, 1), (6, 3), (7, 2), (7, 5), (5, 7), (5, 7), (7, 5), (5, 0), (1, 0), (7, 2), (3, 2), (3, 1), (1, 3), (1, 3), (3, 1), (1, 0), (3, 2)]
[(4, 1), (5, 0), (6, 3), (6, 4), (4, 6), (4, 6), (6, 4), (4, 1), (6, 3), (7, 2), (7, 5), (5, 7), (5, 7), (7, 5), (5, 0), (5, 4), (7, 2), (7, 6), (7, 5), (5, 7), (5, 7), (7, 5), (5, 4), (7, 6)]
[(4, 1), (5, 0), (6, 3), (6, 4), (4, 6), (4, 6), (6, 4), (4, 1), (6, 3), (7, 2), (7, 5), (5, 7), (5, 7), (7, 5), (5, 0), (5, 1), (7, 2), (6, 2), (6, 5), (5, 6), (5, 6), (6, 5), (5, 1), (6, 2)]
[(4, 1), (5, 0), (6, 3), (6, 4), (4, 6), (4, 6), (6, 4), (4, 1), (7, 2), (7, 5), (5, 7), (5, 7), (7, 5), (6, 5), (5, 6), (5, 6), (6, 5), (5, 0), (6, 3), (7, 2)]
[(5, 0), (7, 2), (7, 5), (5, 7), (5, 7), (7, 5), (5, 0), (4, 0), (5, 1), (7, 2), (6, 2), (6, 4), (4, 6), (4, 6), (6, 4), (4, 0), (6, 2), (7, 3), (7, 5), (5, 7), (5, 7), (7, 5), (5, 1), (7, 3)]
[(5, 0), (7, 2), (7, 5), (5, 7), (5, 7), (7, 5), (5, 0), (5, 1), (7, 2), (7, 3), (7, 5), (5, 7), (5, 7), (7, 5), (5, 1), (4, 1), (7, 3), (7, 2), (7, 4), (4, 7), (4, 7), (7, 4), (4, 1), (7, 2)]
[(5, 0), (7, 2), (7, 5), (5, 7), (5, 7), (7, 5), (5, 0), (4, 0), (5, 1), (7, 2), (7, 3), (7, 5), (5, 7), (5, 7), (7, 5), (5, 1), (7, 4), (4, 7), (4, 7), (7, 4), (4, 0), (7, 3)]
[(5, 0), (7, 2), (7, 5), (5, 7), (5, 7), (7, 5), (5, 0), (5, 1), (7, 2), (7, 3), (7, 5), (5, 7), (5, 7), (7, 5), (5, 1), (1, 0), (7, 3), (3, 2), (3, 1), (1, 3), (1, 3), (3, 1), (1, 0), (3, 2)]
[(5, 0), (7, 2), (7, 5), (5, 7), (5, 7), (7, 5), (5, 0), (5, 1), (7, 2), (7, 3), (7, 5), (5, 7), (5, 7), (7, 5), (5, 1), (5, 4), (7, 3), (7, 6), (7, 5), (5, 7), (5, 7), (7, 5), (5, 4), (7, 6)]
[(5, 0), (7, 2), (7, 5), (5, 7), (5, 7), (7, 5), (5, 0), (5, 1), (7, 2), (6, 2), (7, 3), (7, 5), (5, 7), (5, 7), (7, 5), (6, 5), (5, 6), (5, 6), (6, 5), (5, 1), (6, 2), (7, 3)]
[(5, 0), (7, 2), (7, 5), (5, 7), (5, 7), (7, 5), (5, 0), (5, 1), (7, 2), (7, 3), (7, 5), (5, 7), (5, 7), (7, 5), (5, 1), (5, 0), (7, 3), (6, 3), (6, 5), (5, 6), (5, 6), (6, 5), (5, 0), (6, 3)]
[(5, 0), (7, 2), (7, 5), (5, 7), (5, 7), (7, 5), (5, 0), (4, 0), (7, 2), (6, 2), (6, 4), (4, 6), (4, 6), (6, 4), (4, 0), (4, 1), (6, 2), (7, 2), (7, 4), (4, 7), (4, 7), (7, 4), (4, 1), (7, 2)]
[(5, 0), (7, 2), (7, 5), (5, 7), (5, 7), (7, 5), (5, 0), (4, 0), (7, 2), (6, 2), (6, 4), (4, 6), (4, 6), (6, 4), (6, 2), (7, 3), (7, 4), (4, 7), (4, 7), (7, 4), (4, 0), (7, 3)]
[(5, 0), (7, 2), (7, 5), (5, 7), (5, 7), (7, 5), (5, 0), (4, 0), (7, 2), (6, 2), (6, 4), (4, 6), (4, 6), (6, 4), (4, 0), (1, 0), (6, 2), (3, 2), (3, 1), (1, 3), (1, 3), (3, 1), (1, 0), (3, 2)]
[(5, 0), (7, 2), (7, 5), (5, 7), (5, 7), (7, 5), (5, 0), (4, 0), (7, 2), (6, 2), (6, 4), (4, 6), (4, 6), (6, 4), (4, 0), (5, 4), (6, 2), (7, 6), (7, 5), (5, 7), (5, 7), (7, 5), (5, 4), (7, 6)]
[(5, 0), (7, 2), (7, 5), (5, 7), (5, 7), (7, 5), (5, 0), (4, 0), (5, 1), (7, 2), (6, 2), (6, 4), (4, 6), (4, 6), (6, 4), (4, 0), (6, 5), (5, 6), (5, 6), (6, 5), (5, 1), (6, 2)]
[(5, 0), (7, 2), (7, 5), (5, 7), (5, 7), (7, 5), (5, 0), (4, 0), (7, 2), (6, 2), (6, 4), (4, 6), (4, 6), (6, 4), (4, 0), (5, 0), (6, 2), (6, 3), (6, 5), (5, 6), (5, 6), (6, 5), (5, 0), (6, 3)]
[(4, 1), (5, 0), (7, 2), (7, 5), (5, 7), (5, 7), (7, 5), (5, 0), (7, 4), (4, 7), (4, 7), (7, 4), (4, 1), (4, 0), (7, 2), (7, 3), (7, 4), (4, 7), (4, 7), (7, 4), (4, 0), (7, 3)]
[(4, 1), (5, 0), (7, 2), (7, 5), (5, 7), (5, 7), (7, 5), (5, 0), (7, 4), (4, 7), (4, 7), (7, 4), (4, 1), (1, 0), (7, 2), (3, 2), (3, 1), (1, 3), (1, 3), (3, 1), (1, 0), (3, 2)]
[(4, 1), (5, 0), (7, 2), (7, 5), (5, 7), (5, 7), (7, 5), (5, 0), (7, 4), (4, 7), (4, 7), (7, 4), (4, 1), (5, 4), (7, 2), (7, 6), (7, 5), (5, 7), (5, 7), (7, 5), (5, 4), (7, 6)]
[(4, 1), (5, 0), (7, 2), (7, 5), (5, 7), (5, 7), (7, 5), (5, 0), (7, 4), (4, 7), (4, 7), (7, 4), (4, 1), (5, 1), (7, 2), (6, 2), (6, 5), (5, 6), (5, 6), (6, 5), (5, 1), (6, 2)]
[(4, 1), (5, 0), (6, 3), (7, 2), (7, 5), (5, 7), (5, 7), (7, 5), (6, 5), (5, 6), (5, 6), (6, 5), (5, 0), (6, 3), (7, 4), (4, 7), (4, 7), (7, 4), (4, 1), (7, 2)]
[(5, 0), (7, 2), (7, 5), (5, 7), (5, 7), (7, 5), (5, 0), (4, 0), (7, 2), (7, 3), (7, 4), (4, 7), (4, 7), (7, 4), (4, 0), (1, 0), (7, 3), (3, 2), (3, 1), (1, 3), (1, 3), (3, 1), (1, 0), (3, 2)]
[(5, 0), (7, 2), (7, 5), (5, 7), (5, 7), (7, 5), (5, 0), (4, 0), (7, 2), (7, 3), (7, 4), (4, 7), (4, 7), (7, 4), (4, 0), (5, 4), (7, 3), (7, 6), (7, 5), (5, 7), (5, 7), (7, 5), (5, 4), (7, 6)]
[(5, 0), (7, 2), (7, 5), (5, 7), (5, 7), (7, 5), (5, 0), (4, 0), (5, 1), (7, 2), (6, 2), (6, 5), (5, 6), (5, 6), (6, 5), (5, 1), (6, 2), (7, 3), (7, 4), (4, 7), (4, 7), (7, 4), (4, 0), (7, 3)]
[(5, 0), (7, 2), (7, 5), (5, 7), (5, 7), (7, 5), (5, 0), (4, 0), (7, 2), (7, 3), (7, 4), (4, 7), (4, 7), (7, 4), (4, 0), (5, 0), (7, 3), (6, 3), (6, 5), (5, 6), (5, 6), (6, 5), (5, 0), (6, 3)]
[(5, 0), (7, 2), (7, 5), (5, 7), (5, 7), (7, 5), (5, 0), (1, 0), (5, 4), (7, 2), (3, 2), (3, 1), (1, 3), (1, 3), (3, 1), (1, 0), (3, 2), (7, 6), (7, 5), (5, 7), (5, 7), (7, 5), (5, 4), (7, 6)]
[(5, 0), (7, 2), (7, 5), (5, 7), (5, 7), (7, 5), (5, 0), (1, 0), (7, 2), (3, 2), (3, 1), (1, 3), (1, 3), (3, 1), (1, 0), (3, 2), (5, 1), (6, 2), (6, 5), (5, 6), (5, 6), (6, 5), (5, 1), (6, 2)]
[(5, 0), (7, 2), (7, 5), (5, 7), (5, 7), (7, 5), (5, 0), (1, 0), (7, 2), (3, 2), (3, 1), (1, 3), (1, 3), (3, 1), (1, 0), (3, 2), (5, 0), (6, 3), (6, 5), (5, 6), (5, 6), (6, 5), (5, 0), (6, 3)]
[(5, 0), (7, 2), (7, 5), (5, 7), (5, 7), (7, 5), (5, 0), (5, 4), (7, 2), (7, 6), (7, 5), (5, 7), (5, 7), (7, 5), (5, 4), (5, 1), (7, 6), (6, 2), (6, 5), (5, 6), (5, 6), (6, 5), (5, 1), (6, 2)]
[(5, 0), (7, 2), (7, 5), (5, 7), (5, 7), (7, 5), (5, 0), (5, 4), (7, 2), (7, 6), (7, 5), (5, 7), (5, 7), (7, 5), (5, 4), (5, 0), (7, 6), (6, 3), (6, 5), (5, 6), (5, 6), (6, 5), (5, 0), (6, 3)]
[(5, 0), (7, 2), (7, 5), (5, 7), (5, 7), (7, 5), (5, 0), (5, 1), (7, 2), (6, 2), (6, 5), (5, 6), (5, 6), (6, 5), (5, 1), (5, 0), (6, 2), (6, 3), (6, 5), (5, 6), (5, 6), (6, 5), (5, 0), (6, 3)]
[(4, 1), (6, 3), (6, 4), (4, 6), (4, 6), (6, 4), (4, 1), (4, 0), (5, 1), (6, 3), (6, 2), (6, 4), (4, 6), (4, 6), (6, 4), (4, 0), (6, 2), (7, 3), (7, 5), (5, 7), (5, 7), (7, 5), (5, 1), (7, 3)]
[(4, 1), (6, 3), (6, 4), (4, 6), (4, 6), (6, 4), (4, 1), (5, 1), (6, 3), (7, 3), (7, 5), (5, 7), (5, 7), (7, 5), (5, 1), (4, 1), (7, 3), (7, 2), (7, 4), (4, 7), (4, 7), (7, 4), (4, 1), (7, 2)]
[(4, 1), (6, 3), (6, 4), (4, 6), (4, 6), (6, 4), (4, 1), (4, 0), (5, 1), (6, 3), (7, 3), (7, 5), (5, 7), (5, 7), (7, 5), (5, 1), (7, 4), (4, 7), (4, 7), (7, 4), (4, 0), (7, 3)]
[(4, 1), (6, 3), (6, 4), (4, 6), (4, 6), (6, 4), (4, 1), (5, 1), (6, 3), (7, 3), (7, 5), (5, 7), (5, 7), (7, 5), (5, 1), (1, 0), (7, 3), (3, 2), (3, 1), (1, 3), (1, 3), (3, 1), (1, 0), (3, 2)]
[(4, 1), (6, 3), (6, 4), (4, 6), (4, 6), (6, 4), (4, 1), (5, 1), (6, 3), (7, 3), (7, 5), (5, 7), (5, 7), (7, 5), (5, 1), (5, 4), (7, 3), (7, 6), (7, 5), (5, 7), (5, 7), (7, 5), (5, 4), (7, 6)]
[(4, 1), (6, 3), (6, 4), (4, 6), (4, 6), (6, 4), (4, 1), (5, 1), (6, 3), (6, 2), (7, 3), (7, 5), (5, 7), (5, 7), (7, 5), (6, 5), (5, 6), (5, 6), (6, 5), (5, 1), (6, 2), (7, 3)]
[(4, 1), (6, 3), (6, 4), (4, 6), (4, 6), (6, 4), (4, 1), (5, 1), (6, 3), (7, 3), (7, 5), (5, 7), (5, 7), (7, 5), (5, 1), (5, 0), (7, 3), (6, 3), (6, 5), (5, 6), (5, 6), (6, 5), (5, 0), (6, 3)]
[(4, 1), (6, 3), (6, 4), (4, 6), (4, 6), (6, 4), (4, 1), (4, 0), (6, 3), (6, 2), (6, 4), (4, 6), (4, 6), (6, 4), (4, 0), (4, 1), (6, 2), (7, 2), (7, 4), (4, 7), (4, 7), (7, 4), (4, 1), (7, 2)]
[(4, 1), (6, 3), (6, 4), (4, 6), (4, 6), (6, 4), (4, 1), (4, 0), (6, 3), (6, 2), (6, 4), (4, 6), (4, 6), (6, 4), (6, 2), (7, 3), (7, 4), (4, 7), (4, 7), (7, 4), (4, 0), (7, 3)]
[(4, 1), (6, 3), (6, 4), (4, 6), (4, 6), (6, 4), (4, 1), (4, 0), (6, 3), (6, 2), (6, 4), (4, 6), (4, 6), (6, 4), (4, 0), (1, 0), (6, 2), (3, 2), (3, 1), (1, 3), (1, 3), (3, 1), (1, 0), (3, 2)]
[(4, 1), (6, 3), (6, 4), (4, 6), (4, 6), (6, 4), (4, 1), (4, 0), (6, 3), (6, 2), (6, 4), (4, 6), (4, 6), (6, 4), (4, 0), (5, 4), (6, 2), (7, 6), (7, 5), (5, 7), (5, 7), (7, 5), (5, 4), (7, 6)]
[(4, 1), (6, 3), (6, 4), (4, 6), (4, 6), (6, 4), (4, 1), (4, 0), (5, 1), (6, 3), (6, 2), (6, 4), (4, 6), (4, 6), (6, 4), (4, 0), (6, 5), (5, 6), (5, 6), (6, 5), (5, 1), (6, 2)]
[(4, 1), (6, 3), (6, 4), (4, 6), (4, 6), (6, 4), (4, 1), (4, 0), (6, 3), (6, 2), (6, 4), (4, 6), (4, 6), (6, 4), (4, 0), (5, 0), (6, 2), (6, 3), (6, 5), (5, 6), (5, 6), (6, 5), (5, 0), (6, 3)]
[(4, 1), (6, 3), (6, 4), (4, 6), (4, 6), (6, 4), (6, 3), (7, 2), (7, 4), (4, 7), (4, 7), (7, 4), (4, 1), (4, 0), (7, 2), (7, 3), (7, 4), (4, 7), (4, 7), (7, 4), (4, 0), (7, 3)]
[(4, 1), (6, 3), (6, 4), (4, 6), (4, 6), (6, 4), (6, 3), (7, 2), (7, 4), (4, 7), (4, 7), (7, 4), (4, 1), (1, 0), (7, 2), (3, 2), (3, 1), (1, 3), (1, 3), (3, 1), (1, 0), (3, 2)]
[(4, 1), (6, 3), (6, 4), (4, 6), (4, 6), (6, 4), (6, 3), (7, 2), (7, 4), (4, 7), (4, 7), (7, 4), (4, 1), (5, 4), (7, 2), (7, 6), (7, 5), (5, 7), (5, 7), (7, 5), (5, 4), (7, 6)]
[(4, 1), (6, 3), (6, 4), (4, 6), (4, 6), (6, 4), (6, 3), (7, 2), (7, 4), (4, 7), (4, 7), (7, 4), (4, 1), (5, 1), (7, 2), (6, 2), (6, 5), (5, 6), (5, 6), (6, 5), (5, 1), (6, 2)]
[(4, 1), (5, 0), (6, 3), (6, 4), (4, 6), (4, 6), (6, 4), (6, 5), (5, 6), (5, 6), (6, 5), (5, 0), (6, 3), (7, 2), (7, 4), (4, 7), (4, 7), (7, 4), (4, 1), (7, 2)]
[(4, 1), (6, 3), (6, 4), (4, 6), (4, 6), (6, 4), (4, 1), (4, 0), (6, 3), (7, 3), (7, 4), (4, 7), (4, 7), (7, 4), (4, 0), (1, 0), (7, 3), (3, 2), (3, 1), (1, 3), (1, 3), (3, 1), (1, 0), (3, 2)]
[(4, 1), (6, 3), (6, 4), (4, 6), (4, 6), (6, 4), (4, 1), (4, 0), (6, 3), (7, 3), (7, 4), (4, 7), (4, 7), (7, 4), (4, 0), (5, 4), (7, 3), (7, 6), (7, 5), (5, 7), (5, 7), (7, 5), (5, 4), (7, 6)]
[(4, 1), (6, 3), (6, 4), (4, 6), (4, 6), (6, 4), (4, 1), (4, 0), (5, 1), (6, 3), (6, 2), (6, 5), (5, 6), (5, 6), (6, 5), (5, 1), (6, 2), (7, 3), (7, 4), (4, 7), (4, 7), (7, 4), (4, 0), (7, 3)]
[(4, 1), (6, 3), (6, 4), (4, 6), (4, 6), (6, 4), (4, 1), (4, 0), (6, 3), (7, 3), (7, 4), (4, 7), (4, 7), (7, 4), (4, 0), (5, 0), (7, 3), (6, 3), (6, 5), (5, 6), (5, 6), (6, 5), (5, 0), (6, 3)]
[(4, 1), (6, 3), (6, 4), (4, 6), (4, 6), (6, 4), (4, 1), (1, 0), (5, 4), (6, 3), (3, 2), (3, 1), (1, 3), (1, 3), (3, 1), (1, 0), (3, 2), (7, 6), (7, 5), (5, 7), (5, 7), (7, 5), (5, 4), (7, 6)]
[(4, 1), (6, 3), (6, 4), (4, 6), (4, 6), (6, 4), (4, 1), (1, 0), (6, 3), (3, 2), (3, 1), (1, 3), (1, 3), (3, 1), (1, 0), (3, 2), (5, 1), (6, 2), (6, 5), (5, 6), (5, 6), (6, 5), (5, 1), (6, 2)]
[(4, 1), (6, 3), (6, 4), (4, 6), (4, 6), (6, 4), (4, 1), (1, 0), (6, 3), (3, 2), (3, 1), (1, 3), (1, 3), (3, 1), (1, 0), (3, 2), (5, 0), (6, 3), (6, 5), (5, 6), (5, 6), (6, 5), (5, 0), (6, 3)]
[(4, 1), (6, 3), (6, 4), (4, 6), (4, 6), (6, 4), (4, 1), (5, 4), (6, 3), (7, 6), (7, 5), (5, 7), (5, 7), (7, 5), (5, 4), (5, 1), (7, 6), (6, 2), (6, 5), (5, 6), (5, 6), (6, 5), (5, 1), (6, 2)]
[(4, 1), (6, 3), (6, 4), (4, 6), (4, 6), (6, 4), (4, 1), (5, 4), (6, 3), (7, 6), (7, 5), (5, 7), (5, 7), (7, 5), (5, 4), (5, 0), (7, 6), (6, 3), (6, 5), (5, 6), (5, 6), (6, 5), (5, 0), (6, 3)]
[(4, 1), (6, 3), (6, 4), (4, 6), (4, 6), (6, 4), (4, 1), (5, 1), (6, 3), (6, 2), (6, 5), (5, 6), (5, 6), (6, 5), (5, 1), (5, 0), (6, 2), (6, 3), (6, 5), (5, 6), (5, 6), (6, 5), (5, 0), (6, 3)]
[(4, 0), (5, 1), (6, 2), (6, 4), (4, 6), (4, 6), (6, 4), (4, 0), (6, 2), (7, 3), (7, 5), (5, 7), (5, 7), (7, 5), (5, 1), (4, 1), (7, 3), (7, 2), (7, 4), (4, 7), (4, 7), (7, 4), (4, 1), (7, 2)]
[(4, 0), (5, 1), (6, 2), (6, 4), (4, 6), (4, 6), (6, 4), (6, 2), (7, 3), (7, 5), (5, 7), (5, 7), (7, 5), (5, 1), (7, 4), (4, 7), (4, 7), (7, 4), (4, 0), (7, 3)]
[(4, 0), (5, 1), (6, 2), (6, 4), (4, 6), (4, 6), (6, 4), (4, 0), (6, 2), (7, 3), (7, 5), (5, 7), (5, 7), (7, 5), (5, 1), (1, 0), (7, 3), (3, 2), (3, 1), (1, 3), (1, 3), (3, 1), (1, 0), (3, 2)]
[(4, 0), (5, 1), (6, 2), (6, 4), (4, 6), (4, 6), (6, 4), (4, 0), (6, 2), (7, 3), (7, 5), (5, 7), (5, 7), (7, 5), (5, 1), (5, 4), (7, 3), (7, 6), (7, 5), (5, 7), (5, 7), (7, 5), (5, 4), (7, 6)]
[(4, 0), (5, 1), (6, 2), (6, 4), (4, 6), (4, 6), (6, 4), (4, 0), (7, 3), (7, 5), (5, 7), (5, 7), (7, 5), (6, 5), (5, 6), (5, 6), (6, 5), (5, 1), (6, 2), (7, 3)]
[(4, 0), (5, 1), (6, 2), (6, 4), (4, 6), (4, 6), (6, 4), (4, 0), (6, 2), (7, 3), (7, 5), (5, 7), (5, 7), (7, 5), (5, 1), (5, 0), (7, 3), (6, 3), (6, 5), (5, 6), (5, 6), (6, 5), (5, 0), (6, 3)]
[(5, 1), (7, 3), (7, 5), (5, 7), (5, 7), (7, 5), (5, 1), (4, 1), (7, 3), (7, 2), (7, 4), (4, 7), (4, 7), (7, 4), (4, 1), (4, 0), (7, 2), (7, 3), (7, 4), (4, 7), (4, 7), (7, 4), (4, 0), (7, 3)]
[(5, 1), (7, 3), (7, 5), (5, 7), (5, 7), (7, 5), (5, 1), (4, 1), (7, 3), (7, 2), (7, 4), (4, 7), (4, 7), (7, 4), (4, 1), (1, 0), (7, 2), (3, 2), (3, 1), (1, 3), (1, 3), (3, 1), (1, 0), (3, 2)]
[(5, 1), (7, 3), (7, 5), (5, 7), (5, 7), (7, 5), (5, 1), (4, 1), (7, 3), (7, 2), (7, 4), (4, 7), (4, 7), (7, 4), (4, 1), (5, 4), (7, 2), (7, 6), (7, 5), (5, 7), (5, 7), (7, 5), (5, 4), (7, 6)]
[(5, 1), (7, 3), (7, 5), (5, 7), (5, 7), (7, 5), (5, 1), (4, 1), (7, 3), (7, 2), (7, 4), (4, 7), (4, 7), (7, 4), (4, 1), (5, 1), (7, 2), (6, 2), (6, 5), (5, 6), (5, 6), (6, 5), (5, 1), (6, 2)]
[(5, 1), (7, 3), (7, 5), (5, 7), (5, 7), (7, 5), (5, 1), (4, 1), (5, 0), (7, 3), (6, 3), (6, 5), (5, 6), (5, 6), (6, 5), (5, 0), (6, 3), (7, 2), (7, 4), (4, 7), (4, 7), (7, 4), (4, 1), (7, 2)]
[(4, 0), (5, 1), (7, 3), (7, 5), (5, 7), (5, 7), (7, 5), (5, 1), (7, 4), (4, 7), (4, 7), (7, 4), (4, 0), (1, 0), (7, 3), (3, 2), (3, 1), (1, 3), (1, 3), (3, 1), (1, 0), (3, 2)]
[(4, 0), (5, 1), (7, 3), (7, 5), (5, 7), (5, 7), (7, 5), (5, 1), (7, 4), (4, 7), (4, 7), (7, 4), (4, 0), (5, 4), (7, 3), (7, 6), (7, 5), (5, 7), (5, 7), (7, 5), (5, 4), (7, 6)]
[(4, 0), (5, 1), (6, 2), (7, 3), (7, 5), (5, 7), (5, 7), (7, 5), (6, 5), (5, 6), (5, 6), (6, 5), (5, 1), (6, 2), (7, 4), (4, 7), (4, 7), (7, 4), (4, 0), (7, 3)]
[(4, 0), (5, 1), (7, 3), (7, 5), (5, 7), (5, 7), (7, 5), (5, 1), (7, 4), (4, 7), (4, 7), (7, 4), (4, 0), (5, 0), (7, 3), (6, 3), (6, 5), (5, 6), (5, 6), (6, 5), (5, 0), (6, 3)]
[(5, 1), (7, 3), (7, 5), (5, 7), (5, 7), (7, 5), (5, 1), (1, 0), (5, 4), (7, 3), (3, 2), (3, 1), (1, 3), (1, 3), (3, 1), (1, 0), (3, 2), (7, 6), (7, 5), (5, 7), (5, 7), (7, 5), (5, 4), (7, 6)]
[(5, 1), (7, 3), (7, 5), (5, 7), (5, 7), (7, 5), (5, 1), (1, 0), (7, 3), (3, 2), (3, 1), (1, 3), (1, 3), (3, 1), (1, 0), (3, 2), (5, 1), (6, 2), (6, 5), (5, 6), (5, 6), (6, 5), (5, 1), (6, 2)]
[(5, 1), (7, 3), (7, 5), (5, 7), (5, 7), (7, 5), (5, 1), (1, 0), (7, 3), (3, 2), (3, 1), (1, 3), (1, 3), (3, 1), (1, 0), (3, 2), (5, 0), (6, 3), (6, 5), (5, 6), (5, 6), (6, 5), (5, 0), (6, 3)]
[(5, 1), (7, 3), (7, 5), (5, 7), (5, 7), (7, 5), (5, 1), (5, 4), (7, 3), (7, 6), (7, 5), (5, 7), (5, 7), (7, 5), (5, 4), (5, 1), (7, 6), (6, 2), (6, 5), (5, 6), (5, 6), (6, 5), (5, 1), (6, 2)]
[(5, 1), (7, 3), (7, 5), (5, 7), (5, 7), (7, 5), (5, 1), (5, 4), (7, 3), (7, 6), (7, 5), (5, 7), (5, 7), (7, 5), (5, 4), (5, 0), (7, 6), (6, 3), (6, 5), (5, 6), (5, 6), (6, 5), (5, 0), (6, 3)]
[(5, 1), (6, 2), (7, 3), (7, 5), (5, 7), (5, 7), (7, 5), (6, 5), (5, 6), (5, 6), (6, 5), (5, 1), (5, 0), (6, 2), (7, 3), (6, 3), (6, 5), (5, 6), (5, 6), (6, 5), (5, 0), (6, 3)]
[(4, 0), (6, 2), (6, 4), (4, 6), (4, 6), (6, 4), (4, 0), (4, 1), (6, 2), (7, 2), (7, 4), (4, 7), (4, 7), (7, 4), (4, 1), (4, 0), (7, 2), (7, 3), (7, 4), (4, 7), (4, 7), (7, 4), (4, 0), (7, 3)]
[(4, 0), (6, 2), (6, 4), (4, 6), (4, 6), (6, 4), (4, 0), (4, 1), (6, 2), (7, 2), (7, 4), (4, 7), (4, 7), (7, 4), (4, 1), (1, 0), (7, 2), (3, 2), (3, 1), (1, 3), (1, 3), (3, 1), (1, 0), (3, 2)]
[(4, 0), (6, 2), (6, 4), (4, 6), (4, 6), (6, 4), (4, 0), (4, 1), (6, 2), (7, 2), (7, 4), (4, 7), (4, 7), (7, 4), (4, 1), (5, 4), (7, 2), (7, 6), (7, 5), (5, 7), (5, 7), (7, 5), (5, 4), (7, 6)]
[(4, 0), (6, 2), (6, 4), (4, 6), (4, 6), (6, 4), (4, 0), (4, 1), (6, 2), (7, 2), (7, 4), (4, 7), (4, 7), (7, 4), (4, 1), (5, 1), (7, 2), (6, 2), (6, 5), (5, 6), (5, 6), (6, 5), (5, 1), (6, 2)]
[(4, 0), (6, 2), (6, 4), (4, 6), (4, 6), (6, 4), (4, 0), (4, 1), (5, 0), (6, 2), (6, 3), (6, 5), (5, 6), (5, 6), (6, 5), (5, 0), (6, 3), (7, 2), (7, 4), (4, 7), (4, 7), (7, 4), (4, 1), (7, 2)]
[(4, 0), (6, 2), (6, 4), (4, 6), (4, 6), (6, 4), (6, 2), (7, 3), (7, 4), (4, 7), (4, 7), (7, 4), (4, 0), (1, 0), (7, 3), (3, 2), (3, 1), (1, 3), (1, 3), (3, 1), (1, 0), (3, 2)]
[(4, 0), (6, 2), (6, 4), (4, 6), (4, 6), (6, 4), (6, 2), (7, 3), (7, 4), (4, 7), (4, 7), (7, 4), (4, 0), (5, 4), (7, 3), (7, 6), (7, 5), (5, 7), (5, 7), (7, 5), (5, 4), (7, 6)]
[(4, 0), (5, 1), (6, 2), (6, 4), (4, 6), (4, 6), (6, 4), (6, 5), (5, 6), (5, 6), (6, 5), (5, 1), (6, 2), (7, 3), (7, 4), (4, 7), (4, 7), (7, 4), (4, 0), (7, 3)]
[(4, 0), (6, 2), (6, 4), (4, 6), (4, 6), (6, 4), (6, 2), (7, 3), (7, 4), (4, 7), (4, 7), (7, 4), (4, 0), (5, 0), (7, 3), (6, 3), (6, 5), (5, 6), (5, 6), (6, 5), (5, 0), (6, 3)]
[(4, 0), (6, 2), (6, 4), (4, 6), (4, 6), (6, 4), (4, 0), (1, 0), (5, 4), (6, 2), (3, 2), (3, 1), (1, 3), (1, 3), (3, 1), (1, 0), (3, 2), (7, 6), (7, 5), (5, 7), (5, 7), (7, 5), (5, 4), (7, 6)]
[(4, 0), (6, 2), (6, 4), (4, 6), (4, 6), (6, 4), (4, 0), (1, 0), (6, 2), (3, 2), (3, 1), (1, 3), (1, 3), (3, 1), (1, 0), (3, 2), (5, 1), (6, 2), (6, 5), (5, 6), (5, 6), (6, 5), (5, 1), (6, 2)]
[(4, 0), (6, 2), (6, 4), (4, 6), (4, 6), (6, 4), (4, 0), (1, 0), (6, 2), (3, 2), (3, 1), (1, 3), (1, 3), (3, 1), (1, 0), (3, 2), (5, 0), (6, 3), (6, 5), (5, 6), (5, 6), (6, 5), (5, 0), (6, 3)]
[(4, 0), (6, 2), (6, 4), (4, 6), (4, 6), (6, 4), (4, 0), (5, 4), (6, 2), (7, 6), (7, 5), (5, 7), (5, 7), (7, 5), (5, 4), (5, 1), (7, 6), (6, 2), (6, 5), (5, 6), (5, 6), (6, 5), (5, 1), (6, 2)]
[(4, 0), (6, 2), (6, 4), (4, 6), (4, 6), (6, 4), (4, 0), (5, 4), (6, 2), (7, 6), (7, 5), (5, 7), (5, 7), (7, 5), (5, 4), (5, 0), (7, 6), (6, 3), (6, 5), (5, 6), (5, 6), (6, 5), (5, 0), (6, 3)]
[(4, 0), (5, 1), (6, 2), (6, 4), (4, 6), (4, 6), (6, 4), (4, 0), (6, 5), (5, 6), (5, 6), (6, 5), (5, 1), (5, 0), (6, 2), (6, 3), (6, 5), (5, 6), (5, 6), (6, 5), (5, 0), (6, 3)]
[(4, 1), (7, 2), (7, 4), (4, 7), (4, 7), (7, 4), (4, 1), (4, 0), (7, 2), (7, 3), (7, 4), (4, 7), (4, 7), (7, 4), (4, 0), (1, 0), (7, 3), (3, 2), (3, 1), (1, 3), (1, 3), (3, 1), (1, 0), (3, 2)]
[(4, 1), (7, 2), (7, 4), (4, 7), (4, 7), (7, 4), (4, 1), (4, 0), (7, 2), (7, 3), (7, 4), (4, 7), (4, 7), (7, 4), (4, 0), (5, 4), (7, 3), (7, 6), (7, 5), (5, 7), (5, 7), (7, 5), (5, 4), (7, 6)]
[(4, 1), (7, 2), (7, 4), (4, 7), (4, 7), (7, 4), (4, 1), (4, 0), (5, 1), (7, 2), (6, 2), (6, 5), (5, 6), (5, 6), (6, 5), (5, 1), (6, 2), (7, 3), (7, 4), (4, 7), (4, 7), (7, 4), (4, 0), (7, 3)]
[(4, 1), (7, 2), (7, 4), (4, 7), (4, 7), (7, 4), (4, 1), (4, 0), (7, 2), (7, 3), (7, 4), (4, 7), (4, 7), (7, 4), (4, 0), (5, 0), (7, 3), (6, 3), (6, 5), (5, 6), (5, 6), (6, 5), (5, 0), (6, 3)]
[(4, 1), (7, 2), (7, 4), (4, 7), (4, 7), (7, 4), (4, 1), (1, 0), (5, 4), (7, 2), (3, 2), (3, 1), (1, 3), (1, 3), (3, 1), (1, 0), (3, 2), (7, 6), (7, 5), (5, 7), (5, 7), (7, 5), (5, 4), (7, 6)]
[(4, 1), (7, 2), (7, 4), (4, 7), (4, 7), (7, 4), (4, 1), (1, 0), (7, 2), (3, 2), (3, 1), (1, 3), (1, 3), (3, 1), (1, 0), (3, 2), (5, 1), (6, 2), (6, 5), (5, 6), (5, 6), (6, 5), (5, 1), (6, 2)]
[(4, 1), (7, 2), (7, 4), (4, 7), (4, 7), (7, 4), (4, 1), (1, 0), (7, 2), (3, 2), (3, 1), (1, 3), (1, 3), (3, 1), (1, 0), (3, 2), (5, 0), (6, 3), (6, 5), (5, 6), (5, 6), (6, 5), (5, 0), (6, 3)]
[(4, 1), (7, 2), (7, 4), (4, 7), (4, 7), (7, 4), (4, 1), (5, 4), (7, 2), (7, 6), (7, 5), (5, 7), (5, 7), (7, 5), (5, 4), (5, 1), (7, 6), (6, 2), (6, 5), (5, 6), (5, 6), (6, 5), (5, 1), (6, 2)]
[(4, 1), (7, 2), (7, 4), (4, 7), (4, 7), (7, 4), (4, 1), (5, 4), (7, 2), (7, 6), (7, 5), (5, 7), (5, 7), (7, 5), (5, 4), (5, 0), (7, 6), (6, 3), (6, 5), (5, 6), (5, 6), (6, 5), (5, 0), (6, 3)]
[(4, 1), (7, 2), (7, 4), (4, 7), (4, 7), (7, 4), (4, 1), (5, 1), (7, 2), (6, 2), (6, 5), (5, 6), (5, 6), (6, 5), (5, 1), (5, 0), (6, 2), (6, 3), (6, 5), (5, 6), (5, 6), (6, 5), (5, 0), (6, 3)]
[(4, 0), (7, 3), (7, 4), (4, 7), (4, 7), (7, 4), (4, 0), (1, 0), (5, 4), (7, 3), (3, 2), (3, 1), (1, 3), (1, 3), (3, 1), (1, 0), (3, 2), (7, 6), (7, 5), (5, 7), (5, 7), (7, 5), (5, 4), (7, 6)]
[(4, 0), (7, 3), (7, 4), (4, 7), (4, 7), (7, 4), (4, 0), (1, 0), (7, 3), (3, 2), (3, 1), (1, 3), (1, 3), (3, 1), (1, 0), (3, 2), (5, 1), (6, 2), (6, 5), (5, 6), (5, 6), (6, 5), (5, 1), (6, 2)]
[(4, 0), (7, 3), (7, 4), (4, 7), (4, 7), (7, 4), (4, 0), (1, 0), (7, 3), (3, 2), (3, 1), (1, 3), (1, 3), (3, 1), (1, 0), (3, 2), (5, 0), (6, 3), (6, 5), (5, 6), (5, 6), (6, 5), (5, 0), (6, 3)]
[(4, 0), (7, 3), (7, 4), (4, 7), (4, 7), (7, 4), (4, 0), (5, 4), (7, 3), (7, 6), (7, 5), (5, 7), (5, 7), (7, 5), (5, 4), (5, 1), (7, 6), (6, 2), (6, 5), (5, 6), (5, 6), (6, 5), (5, 1), (6, 2)]
[(4, 0), (7, 3), (7, 4), (4, 7), (4, 7), (7, 4), (4, 0), (5, 4), (7, 3), (7, 6), (7, 5), (5, 7), (5, 7), (7, 5), (5, 4), (5, 0), (7, 6), (6, 3), (6, 5), (5, 6), (5, 6), (6, 5), (5, 0), (6, 3)]
[(4, 0), (5, 1), (6, 2), (6, 5), (5, 6), (5, 6), (6, 5), (5, 1), (6, 2), (7, 3), (7, 4), (4, 7), (4, 7), (7, 4), (4, 0), (5, 0), (7, 3), (6, 3), (6, 5), (5, 6), (5, 6), (6, 5), (5, 0), (6, 3)]
[(1, 0), (3, 2), (3, 1), (1, 3), (1, 3), (3, 1), (1, 0), (3, 2), (5, 4), (7, 6), (7, 5), (5, 7), (5, 7), (7, 5), (5, 4), (5, 1), (7, 6), (6, 2), (6, 5), (5, 6), (5, 6), (6, 5), (5, 1), (6, 2)]
[(1, 0), (3, 2), (3, 1), (1, 3), (1, 3), (3, 1), (1, 0), (3, 2), (5, 4), (7, 6), (7, 5), (5, 7), (5, 7), (7, 5), (5, 4), (5, 0), (7, 6), (6, 3), (6, 5), (5, 6), (5, 6), (6, 5), (5, 0), (6, 3)]
[(1, 0), (3, 2), (3, 1), (1, 3), (1, 3), (3, 1), (1, 0), (3, 2), (5, 1), (6, 2), (6, 5), (5, 6), (5, 6), (6, 5), (5, 1), (5, 0), (6, 2), (6, 3), (6, 5), (5, 6), (5, 6), (6, 5), (5, 0), (6, 3)]
[(5, 4), (7, 6), (7, 5), (5, 7), (5, 7), (7, 5), (5, 4), (5, 1), (7, 6), (6, 2), (6, 5), (5, 6), (5, 6), (6, 5), (5, 1), (5, 0), (6, 2), (6, 3), (6, 5), (5, 6), (5, 6), (6, 5), (5, 0), (6, 3)]
[(4, 1), (5, 0), (6, 3), (6, 4), (4, 6), (4, 6), (6, 4), (4, 1), (6, 3), (7, 2), (7, 5), (5, 7), (5, 7), (7, 5), (5, 0), (4, 0), (5, 1), (7, 2), (6, 2), (6, 4), (4, 6), (4, 6), (6, 4), (4, 0), (6, 2), (7, 3), (7, 5), (5, 7), (5, 7), (7, 5), (5, 1), (7, 3)]
[(4, 1), (5, 0), (6, 3), (6, 4), (4, 6), (4, 6), (6, 4), (4, 1), (6, 3), (7, 2), (7, 5), (5, 7), (5, 7), (7, 5), (5, 0), (5, 1), (7, 2), (7, 3), (7, 5), (5, 7), (5, 7), (7, 5), (5, 1), (4, 1), (7, 3), (7, 2), (7, 4), (4, 7), (4, 7), (7, 4), (4, 1), (7, 2)]
[(4, 1), (5, 0), (6, 3), (6, 4), (4, 6), (4, 6), (6, 4), (4, 1), (6, 3), (7, 2), (7, 5), (5, 7), (5, 7), (7, 5), (5, 0), (4, 0), (5, 1), (7, 2), (7, 3), (7, 5), (5, 7), (5, 7), (7, 5), (5, 1), (7, 4), (4, 7), (4, 7), (7, 4), (4, 0), (7, 3)]
[(4, 1), (5, 0), (6, 3), (6, 4), (4, 6), (4, 6), (6, 4), (4, 1), (6, 3), (7, 2), (7, 5), (5, 7), (5, 7), (7, 5), (5, 0), (5, 1), (7, 2), (7, 3), (7, 5), (5, 7), (5, 7), (7, 5), (5, 1), (1, 0), (7, 3), (3, 2), (3, 1), (1, 3), (1, 3), (3, 1), (1, 0), (3, 2)]
[(4, 1), (5, 0), (6, 3), (6, 4), (4, 6), (4, 6), (6, 4), (4, 1), (6, 3), (7, 2), (7, 5), (5, 7), (5, 7), (7, 5), (5, 0), (5, 1), (7, 2), (7, 3), (7, 5), (5, 7), (5, 7), (7, 5), (5, 1), (5, 4), (7, 3), (7, 6), (7, 5), (5, 7), (5, 7), (7, 5), (5, 4), (7, 6)]
[(4, 1), (5, 0), (6, 3), (6, 4), (4, 6), (4, 6), (6, 4), (4, 1), (6, 3), (7, 2), (7, 5), (5, 7), (5, 7), (7, 5), (5, 0), (5, 1), (7, 2), (6, 2), (7, 3), (7, 5), (5, 7), (5, 7), (7, 5), (6, 5), (5, 6), (5, 6), (6, 5), (5, 1), (6, 2), (7, 3)]
[(4, 1), (5, 0), (6, 3), (6, 4), (4, 6), (4, 6), (6, 4), (4, 1), (6, 3), (7, 2), (7, 5), (5, 7), (5, 7), (7, 5), (5, 0), (5, 1), (7, 2), (7, 3), (7, 5), (5, 7), (5, 7), (7, 5), (5, 1), (5, 0), (7, 3), (6, 3), (6, 5), (5, 6), (5, 6), (6, 5), (5, 0), (6, 3)]
[(4, 1), (5, 0), (6, 3), (6, 4), (4, 6), (4, 6), (6, 4), (4, 1), (6, 3), (7, 2), (7, 5), (5, 7), (5, 7), (7, 5), (5, 0), (4, 0), (7, 2), (6, 2), (6, 4), (4, 6), (4, 6), (6, 4), (4, 0), (4, 1), (6, 2), (7, 2), (7, 4), (4, 7), (4, 7), (7, 4), (4, 1), (7, 2)]
[(4, 1), (5, 0), (6, 3), (6, 4), (4, 6), (4, 6), (6, 4), (4, 1), (6, 3), (7, 2), (7, 5), (5, 7), (5, 7), (7, 5), (5, 0), (4, 0), (7, 2), (6, 2), (6, 4), (4, 6), (4, 6), (6, 4), (6, 2), (7, 3), (7, 4), (4, 7), (4, 7), (7, 4), (4, 0), (7, 3)]
[(4, 1), (5, 0), (6, 3), (6, 4), (4, 6), (4, 6), (6, 4), (4, 1), (6, 3), (7, 2), (7, 5), (5, 7), (5, 7), (7, 5), (5, 0), (4, 0), (7, 2), (6, 2), (6, 4), (4, 6), (4, 6), (6, 4), (4, 0), (1, 0), (6, 2), (3, 2), (3, 1), (1, 3), (1, 3), (3, 1), (1, 0), (3, 2)]
[(4, 1), (5, 0), (6, 3), (6, 4), (4, 6), (4, 6), (6, 4), (4, 1), (6, 3), (7, 2), (7, 5), (5, 7), (5, 7), (7, 5), (5, 0), (4, 0), (7, 2), (6, 2), (6, 4), (4, 6), (4, 6), (6, 4), (4, 0), (5, 4), (6, 2), (7, 6), (7, 5), (5, 7), (5, 7), (7, 5), (5, 4), (7, 6)]
[(4, 1), (5, 0), (6, 3), (6, 4), (4, 6), (4, 6), (6, 4), (4, 1), (6, 3), (7, 2), (7, 5), (5, 7), (5, 7), (7, 5), (5, 0), (4, 0), (5, 1), (7, 2), (6, 2), (6, 4), (4, 6), (4, 6), (6, 4), (4, 0), (6, 5), (5, 6), (5, 6), (6, 5), (5, 1), (6, 2)]
[(4, 1), (5, 0), (6, 3), (6, 4), (4, 6), (4, 6), (6, 4), (4, 1), (6, 3), (7, 2), (7, 5), (5, 7), (5, 7), (7, 5), (5, 0), (4, 0), (7, 2), (6, 2), (6, 4), (4, 6), (4, 6), (6, 4), (4, 0), (5, 0), (6, 2), (6, 3), (6, 5), (5, 6), (5, 6), (6, 5), (5, 0), (6, 3)]
[(4, 1), (5, 0), (6, 3), (6, 4), (4, 6), (4, 6), (6, 4), (6, 3), (7, 2), (7, 5), (5, 7), (5, 7), (7, 5), (5, 0), (7, 4), (4, 7), (4, 7), (7, 4), (4, 1), (4, 0), (7, 2), (7, 3), (7, 4), (4, 7), (4, 7), (7, 4), (4, 0), (7, 3)]
[(4, 1), (5, 0), (6, 3), (6, 4), (4, 6), (4, 6), (6, 4), (6, 3), (7, 2), (7, 5), (5, 7), (5, 7), (7, 5), (5, 0), (7, 4), (4, 7), (4, 7), (7, 4), (4, 1), (1, 0), (7, 2), (3, 2), (3, 1), (1, 3), (1, 3), (3, 1), (1, 0), (3, 2)]
[(4, 1), (5, 0), (6, 3), (6, 4), (4, 6), (4, 6), (6, 4), (6, 3), (7, 2), (7, 5), (5, 7), (5, 7), (7, 5), (5, 0), (7, 4), (4, 7), (4, 7), (7, 4), (4, 1), (5, 4), (7, 2), (7, 6), (7, 5), (5, 7), (5, 7), (7, 5), (5, 4), (7, 6)]
[(4, 1), (5, 0), (6, 3), (6, 4), (4, 6), (4, 6), (6, 4), (6, 3), (7, 2), (7, 5), (5, 7), (5, 7), (7, 5), (5, 0), (7, 4), (4, 7), (4, 7), (7, 4), (4, 1), (5, 1), (7, 2), (6, 2), (6, 5), (5, 6), (5, 6), (6, 5), (5, 1), (6, 2)]
[(4, 1), (5, 0), (6, 3), (6, 4), (4, 6), (4, 6), (6, 4), (7, 2), (7, 5), (5, 7), (5, 7), (7, 5), (6, 5), (5, 6), (5, 6), (6, 5), (5, 0), (6, 3), (7, 4), (4, 7), (4, 7), (7, 4), (4, 1), (7, 2)]
[(4, 1), (5, 0), (6, 3), (6, 4), (4, 6), (4, 6), (6, 4), (4, 1), (6, 3), (7, 2), (7, 5), (5, 7), (5, 7), (7, 5), (5, 0), (4, 0), (7, 2), (7, 3), (7, 4), (4, 7), (4, 7), (7, 4), (4, 0), (1, 0), (7, 3), (3, 2), (3, 1), (1, 3), (1, 3), (3, 1), (1, 0), (3, 2)]
[(4, 1), (5, 0), (6, 3), (6, 4), (4, 6), (4, 6), (6, 4), (4, 1), (6, 3), (7, 2), (7, 5), (5, 7), (5, 7), (7, 5), (5, 0), (4, 0), (7, 2), (7, 3), (7, 4), (4, 7), (4, 7), (7, 4), (4, 0), (5, 4), (7, 3), (7, 6), (7, 5), (5, 7), (5, 7), (7, 5), (5, 4), (7, 6)]
[(4, 1), (5, 0), (6, 3), (6, 4), (4, 6), (4, 6), (6, 4), (4, 1), (6, 3), (7, 2), (7, 5), (5, 7), (5, 7), (7, 5), (5, 0), (4, 0), (5, 1), (7, 2), (6, 2), (6, 5), (5, 6), (5, 6), (6, 5), (5, 1), (6, 2), (7, 3), (7, 4), (4, 7), (4, 7), (7, 4), (4, 0), (7, 3)]
[(4, 1), (5, 0), (6, 3), (6, 4), (4, 6), (4, 6), (6, 4), (4, 1), (6, 3), (7, 2), (7, 5), (5, 7), (5, 7), (7, 5), (5, 0), (4, 0), (7, 2), (7, 3), (7, 4), (4, 7), (4, 7), (7, 4), (4, 0), (5, 0), (7, 3), (6, 3), (6, 5), (5, 6), (5, 6), (6, 5), (5, 0), (6, 3)]
[(4, 1), (5, 0), (6, 3), (6, 4), (4, 6), (4, 6), (6, 4), (4, 1), (6, 3), (7, 2), (7, 5), (5, 7), (5, 7), (7, 5), (5, 0), (1, 0), (5, 4), (7, 2), (3, 2), (3, 1), (1, 3), (1, 3), (3, 1), (1, 0), (3, 2), (7, 6), (7, 5), (5, 7), (5, 7), (7, 5), (5, 4), (7, 6)]
[(4, 1), (5, 0), (6, 3), (6, 4), (4, 6), (4, 6), (6, 4), (4, 1), (6, 3), (7, 2), (7, 5), (5, 7), (5, 7), (7, 5), (5, 0), (1, 0), (7, 2), (3, 2), (3, 1), (1, 3), (1, 3), (3, 1), (1, 0), (3, 2), (5, 1), (6, 2), (6, 5), (5, 6), (5, 6), (6, 5), (5, 1), (6, 2)]
[(4, 1), (5, 0), (6, 3), (6, 4), (4, 6), (4, 6), (6, 4), (4, 1), (6, 3), (7, 2), (7, 5), (5, 7), (5, 7), (7, 5), (5, 0), (1, 0), (7, 2), (3, 2), (3, 1), (1, 3), (1, 3), (3, 1), (1, 0), (3, 2), (5, 0), (6, 3), (6, 5), (5, 6), (5, 6), (6, 5), (5, 0), (6, 3)]
[(4, 1), (5, 0), (6, 3), (6, 4), (4, 6), (4, 6), (6, 4), (4, 1), (6, 3), (7, 2), (7, 5), (5, 7), (5, 7), (7, 5), (5, 0), (5, 4), (7, 2), (7, 6), (7, 5), (5, 7), (5, 7), (7, 5), (5, 4), (5, 1), (7, 6), (6, 2), (6, 5), (5, 6), (5, 6), (6, 5), (5, 1), (6, 2)]
[(4, 1), (5, 0), (6, 3), (6, 4), (4, 6), (4, 6), (6, 4), (4, 1), (6, 3), (7, 2), (7, 5), (5, 7), (5, 7), (7, 5), (5, 0), (5, 4), (7, 2), (7, 6), (7, 5), (5, 7), (5, 7), (7, 5), (5, 4), (5, 0), (7, 6), (6, 3), (6, 5), (5, 6), (5, 6), (6, 5), (5, 0), (6, 3)]
[(4, 1), (5, 0), (6, 3), (6, 4), (4, 6), (4, 6), (6, 4), (4, 1), (6, 3), (7, 2), (7, 5), (5, 7), (5, 7), (7, 5), (5, 0), (5, 1), (7, 2), (6, 2), (6, 5), (5, 6), (5, 6), (6, 5), (5, 1), (5, 0), (6, 2), (6, 3), (6, 5), (5, 6), (5, 6), (6, 5), (5, 0), (6, 3)]
[(5, 0), (7, 2), (7, 5), (5, 7), (5, 7), (7, 5), (5, 0), (4, 0), (5, 1), (7, 2), (6, 2), (6, 4), (4, 6), (4, 6), (6, 4), (4, 0), (6, 2), (7, 3), (7, 5), (5, 7), (5, 7), (7, 5), (5, 1), (4, 1), (7, 3), (7, 2), (7, 4), (4, 7), (4, 7), (7, 4), (4, 1), (7, 2)]
[(5, 0), (7, 2), (7, 5), (5, 7), (5, 7), (7, 5), (5, 0), (4, 0), (5, 1), (7, 2), (6, 2), (6, 4), (4, 6), (4, 6), (6, 4), (6, 2), (7, 3), (7, 5), (5, 7), (5, 7), (7, 5), (5, 1), (7, 4), (4, 7), (4, 7), (7, 4), (4, 0), (7, 3)]
[(5, 0), (7, 2), (7, 5), (5, 7), (5, 7), (7, 5), (5, 0), (4, 0), (5, 1), (7, 2), (6, 2), (6, 4), (4, 6), (4, 6), (6, 4), (4, 0), (6, 2), (7, 3), (7, 5), (5, 7), (5, 7), (7, 5), (5, 1), (1, 0), (7, 3), (3, 2), (3, 1), (1, 3), (1, 3), (3, 1), (1, 0), (3, 2)]
[(5, 0), (7, 2), (7, 5), (5, 7), (5, 7), (7, 5), (5, 0), (4, 0), (5, 1), (7, 2), (6, 2), (6, 4), (4, 6), (4, 6), (6, 4), (4, 0), (6, 2), (7, 3), (7, 5), (5, 7), (5, 7), (7, 5), (5, 1), (5, 4), (7, 3), (7, 6), (7, 5), (5, 7), (5, 7), (7, 5), (5, 4), (7, 6)]
[(5, 0), (7, 2), (7, 5), (5, 7), (5, 7), (7, 5), (5, 0), (4, 0), (5, 1), (7, 2), (6, 2), (6, 4), (4, 6), (4, 6), (6, 4), (4, 0), (7, 3), (7, 5), (5, 7), (5, 7), (7, 5), (6, 5), (5, 6), (5, 6), (6, 5), (5, 1), (6, 2), (7, 3)]
[(5, 0), (7, 2), (7, 5), (5, 7), (5, 7), (7, 5), (5, 0), (4, 0), (5, 1), (7, 2), (6, 2), (6, 4), (4, 6), (4, 6), (6, 4), (4, 0), (6, 2), (7, 3), (7, 5), (5, 7), (5, 7), (7, 5), (5, 1), (5, 0), (7, 3), (6, 3), (6, 5), (5, 6), (5, 6), (6, 5), (5, 0), (6, 3)]
[(5, 0), (7, 2), (7, 5), (5, 7), (5, 7), (7, 5), (5, 0), (5, 1), (7, 2), (7, 3), (7, 5), (5, 7), (5, 7), (7, 5), (5, 1), (4, 1), (7, 3), (7, 2), (7, 4), (4, 7), (4, 7), (7, 4), (4, 1), (4, 0), (7, 2), (7, 3), (7, 4), (4, 7), (4, 7), (7, 4), (4, 0), (7, 3)]
[(5, 0), (7, 2), (7, 5), (5, 7), (5, 7), (7, 5), (5, 0), (5, 1), (7, 2), (7, 3), (7, 5), (5, 7), (5, 7), (7, 5), (5, 1), (4, 1), (7, 3), (7, 2), (7, 4), (4, 7), (4, 7), (7, 4), (4, 1), (1, 0), (7, 2), (3, 2), (3, 1), (1, 3), (1, 3), (3, 1), (1, 0), (3, 2)]
[(5, 0), (7, 2), (7, 5), (5, 7), (5, 7), (7, 5), (5, 0), (5, 1), (7, 2), (7, 3), (7, 5), (5, 7), (5, 7), (7, 5), (5, 1), (4, 1), (7, 3), (7, 2), (7, 4), (4, 7), (4, 7), (7, 4), (4, 1), (5, 4), (7, 2), (7, 6), (7, 5), (5, 7), (5, 7), (7, 5), (5, 4), (7, 6)]
[(5, 0), (7, 2), (7, 5), (5, 7), (5, 7), (7, 5), (5, 0), (5, 1), (7, 2), (7, 3), (7, 5), (5, 7), (5, 7), (7, 5), (5, 1), (4, 1), (7, 3), (7, 2), (7, 4), (4, 7), (4, 7), (7, 4), (4, 1), (5, 1), (7, 2), (6, 2), (6, 5), (5, 6), (5, 6), (6, 5), (5, 1), (6, 2)]
[(5, 0), (7, 2), (7, 5), (5, 7), (5, 7), (7, 5), (5, 0), (5, 1), (7, 2), (7, 3), (7, 5), (5, 7), (5, 7), (7, 5), (5, 1), (4, 1), (5, 0), (7, 3), (6, 3), (6, 5), (5, 6), (5, 6), (6, 5), (5, 0), (6, 3), (7, 2), (7, 4), (4, 7), (4, 7), (7, 4), (4, 1), (7, 2)]
[(5, 0), (7, 2), (7, 5), (5, 7), (5, 7), (7, 5), (5, 0), (4, 0), (5, 1), (7, 2), (7, 3), (7, 5), (5, 7), (5, 7), (7, 5), (5, 1), (7, 4), (4, 7), (4, 7), (7, 4), (4, 0), (1, 0), (7, 3), (3, 2), (3, 1), (1, 3), (1, 3), (3, 1), (1, 0), (3, 2)]
[(5, 0), (7, 2), (7, 5), (5, 7), (5, 7), (7, 5), (5, 0), (4, 0), (5, 1), (7, 2), (7, 3), (7, 5), (5, 7), (5, 7), (7, 5), (5, 1), (7, 4), (4, 7), (4, 7), (7, 4), (4, 0), (5, 4), (7, 3), (7, 6), (7, 5), (5, 7), (5, 7), (7, 5), (5, 4), (7, 6)]
[(5, 0), (7, 2), (7, 5), (5, 7), (5, 7), (7, 5), (5, 0), (4, 0), (5, 1), (7, 2), (6, 2), (7, 3), (7, 5), (5, 7), (5, 7), (7, 5), (6, 5), (5, 6), (5, 6), (6, 5), (5, 1), (6, 2), (7, 4), (4, 7), (4, 7), (7, 4), (4, 0), (7, 3)]
[(5, 0), (7, 2), (7, 5), (5, 7), (5, 7), (7, 5), (5, 0), (4, 0), (5, 1), (7, 2), (7, 3), (7, 5), (5, 7), (5, 7), (7, 5), (5, 1), (7, 4), (4, 7), (4, 7), (7, 4), (4, 0), (5, 0), (7, 3), (6, 3), (6, 5), (5, 6), (5, 6), (6, 5), (5, 0), (6, 3)]
[(5, 0), (7, 2), (7, 5), (5, 7), (5, 7), (7, 5), (5, 0), (5, 1), (7, 2), (7, 3), (7, 5), (5, 7), (5, 7), (7, 5), (5, 1), (1, 0), (5, 4), (7, 3), (3, 2), (3, 1), (1, 3), (1, 3), (3, 1), (1, 0), (3, 2), (7, 6), (7, 5), (5, 7), (5, 7), (7, 5), (5, 4), (7, 6)]
[(5, 0), (7, 2), (7, 5), (5, 7), (5, 7), (7, 5), (5, 0), (5, 1), (7, 2), (7, 3), (7, 5), (5, 7), (5, 7), (7, 5), (5, 1), (1, 0), (7, 3), (3, 2), (3, 1), (1, 3), (1, 3), (3, 1), (1, 0), (3, 2), (5, 1), (6, 2), (6, 5), (5, 6), (5, 6), (6, 5), (5, 1), (6, 2)]
[(5, 0), (7, 2), (7, 5), (5, 7), (5, 7), (7, 5), (5, 0), (5, 1), (7, 2), (7, 3), (7, 5), (5, 7), (5, 7), (7, 5), (5, 1), (1, 0), (7, 3), (3, 2), (3, 1), (1, 3), (1, 3), (3, 1), (1, 0), (3, 2), (5, 0), (6, 3), (6, 5), (5, 6), (5, 6), (6, 5), (5, 0), (6, 3)]
[(5, 0), (7, 2), (7, 5), (5, 7), (5, 7), (7, 5), (5, 0), (5, 1), (7, 2), (7, 3), (7, 5), (5, 7), (5, 7), (7, 5), (5, 1), (5, 4), (7, 3), (7, 6), (7, 5), (5, 7), (5, 7), (7, 5), (5, 4), (5, 1), (7, 6), (6, 2), (6, 5), (5, 6), (5, 6), (6, 5), (5, 1), (6, 2)]
[(5, 0), (7, 2), (7, 5), (5, 7), (5, 7), (7, 5), (5, 0), (5, 1), (7, 2), (7, 3), (7, 5), (5, 7), (5, 7), (7, 5), (5, 1), (5, 4), (7, 3), (7, 6), (7, 5), (5, 7), (5, 7), (7, 5), (5, 4), (5, 0), (7, 6), (6, 3), (6, 5), (5, 6), (5, 6), (6, 5), (5, 0), (6, 3)]
[(5, 0), (7, 2), (7, 5), (5, 7), (5, 7), (7, 5), (5, 0), (5, 1), (7, 2), (6, 2), (7, 3), (7, 5), (5, 7), (5, 7), (7, 5), (6, 5), (5, 6), (5, 6), (6, 5), (5, 1), (5, 0), (6, 2), (7, 3), (6, 3), (6, 5), (5, 6), (5, 6), (6, 5), (5, 0), (6, 3)]
[(5, 0), (7, 2), (7, 5), (5, 7), (5, 7), (7, 5), (5, 0), (4, 0), (7, 2), (6, 2), (6, 4), (4, 6), (4, 6), (6, 4), (4, 0), (4, 1), (6, 2), (7, 2), (7, 4), (4, 7), (4, 7), (7, 4), (4, 1), (4, 0), (7, 2), (7, 3), (7, 4), (4, 7), (4, 7), (7, 4), (4, 0), (7, 3)]
[(5, 0), (7, 2), (7, 5), (5, 7), (5, 7), (7, 5), (5, 0), (4, 0), (7, 2), (6, 2), (6, 4), (4, 6), (4, 6), (6, 4), (4, 0), (4, 1), (6, 2), (7, 2), (7, 4), (4, 7), (4, 7), (7, 4), (4, 1), (1, 0), (7, 2), (3, 2), (3, 1), (1, 3), (1, 3), (3, 1), (1, 0), (3, 2)]
[(5, 0), (7, 2), (7, 5), (5, 7), (5, 7), (7, 5), (5, 0), (4, 0), (7, 2), (6, 2), (6, 4), (4, 6), (4, 6), (6, 4), (4, 0), (4, 1), (6, 2), (7, 2), (7, 4), (4, 7), (4, 7), (7, 4), (4, 1), (5, 4), (7, 2), (7, 6), (7, 5), (5, 7), (5, 7), (7, 5), (5, 4), (7, 6)]
[(5, 0), (7, 2), (7, 5), (5, 7), (5, 7), (7, 5), (5, 0), (4, 0), (7, 2), (6, 2), (6, 4), (4, 6), (4, 6), (6, 4), (4, 0), (4, 1), (6, 2), (7, 2), (7, 4), (4, 7), (4, 7), (7, 4), (4, 1), (5, 1), (7, 2), (6, 2), (6, 5), (5, 6), (5, 6), (6, 5), (5, 1), (6, 2)]
[(5, 0), (7, 2), (7, 5), (5, 7), (5, 7), (7, 5), (5, 0), (4, 0), (7, 2), (6, 2), (6, 4), (4, 6), (4, 6), (6, 4), (4, 0), (4, 1), (5, 0), (6, 2), (6, 3), (6, 5), (5, 6), (5, 6), (6, 5), (5, 0), (6, 3), (7, 2), (7, 4), (4, 7), (4, 7), (7, 4), (4, 1), (7, 2)]
[(5, 0), (7, 2), (7, 5), (5, 7), (5, 7), (7, 5), (5, 0), (4, 0), (7, 2), (6, 2), (6, 4), (4, 6), (4, 6), (6, 4), (6, 2), (7, 3), (7, 4), (4, 7), (4, 7), (7, 4), (4, 0), (1, 0), (7, 3), (3, 2), (3, 1), (1, 3), (1, 3), (3, 1), (1, 0), (3, 2)]
[(5, 0), (7, 2), (7, 5), (5, 7), (5, 7), (7, 5), (5, 0), (4, 0), (7, 2), (6, 2), (6, 4), (4, 6), (4, 6), (6, 4), (6, 2), (7, 3), (7, 4), (4, 7), (4, 7), (7, 4), (4, 0), (5, 4), (7, 3), (7, 6), (7, 5), (5, 7), (5, 7), (7, 5), (5, 4), (7, 6)]
[(5, 0), (7, 2), (7, 5), (5, 7), (5, 7), (7, 5), (5, 0), (4, 0), (5, 1), (7, 2), (6, 2), (6, 4), (4, 6), (4, 6), (6, 4), (6, 5), (5, 6), (5, 6), (6, 5), (5, 1), (6, 2), (7, 3), (7, 4), (4, 7), (4, 7), (7, 4), (4, 0), (7, 3)]
[(5, 0), (7, 2), (7, 5), (5, 7), (5, 7), (7, 5), (5, 0), (4, 0), (7, 2), (6, 2), (6, 4), (4, 6), (4, 6), (6, 4), (6, 2), (7, 3), (7, 4), (4, 7), (4, 7), (7, 4), (4, 0), (5, 0), (7, 3), (6, 3), (6, 5), (5, 6), (5, 6), (6, 5), (5, 0), (6, 3)]
[(5, 0), (7, 2), (7, 5), (5, 7), (5, 7), (7, 5), (5, 0), (4, 0), (7, 2), (6, 2), (6, 4), (4, 6), (4, 6), (6, 4), (4, 0), (1, 0), (5, 4), (6, 2), (3, 2), (3, 1), (1, 3), (1, 3), (3, 1), (1, 0), (3, 2), (7, 6), (7, 5), (5, 7), (5, 7), (7, 5), (5, 4), (7, 6)]
[(5, 0), (7, 2), (7, 5), (5, 7), (5, 7), (7, 5), (5, 0), (4, 0), (7, 2), (6, 2), (6, 4), (4, 6), (4, 6), (6, 4), (4, 0), (1, 0), (6, 2), (3, 2), (3, 1), (1, 3), (1, 3), (3, 1), (1, 0), (3, 2), (5, 1), (6, 2), (6, 5), (5, 6), (5, 6), (6, 5), (5, 1), (6, 2)]
[(5, 0), (7, 2), (7, 5), (5, 7), (5, 7), (7, 5), (5, 0), (4, 0), (7, 2), (6, 2), (6, 4), (4, 6), (4, 6), (6, 4), (4, 0), (1, 0), (6, 2), (3, 2), (3, 1), (1, 3), (1, 3), (3, 1), (1, 0), (3, 2), (5, 0), (6, 3), (6, 5), (5, 6), (5, 6), (6, 5), (5, 0), (6, 3)]
[(5, 0), (7, 2), (7, 5), (5, 7), (5, 7), (7, 5), (5, 0), (4, 0), (7, 2), (6, 2), (6, 4), (4, 6), (4, 6), (6, 4), (4, 0), (5, 4), (6, 2), (7, 6), (7, 5), (5, 7), (5, 7), (7, 5), (5, 4), (5, 1), (7, 6), (6, 2), (6, 5), (5, 6), (5, 6), (6, 5), (5, 1), (6, 2)]
[(5, 0), (7, 2), (7, 5), (5, 7), (5, 7), (7, 5), (5, 0), (4, 0), (7, 2), (6, 2), (6, 4), (4, 6), (4, 6), (6, 4), (4, 0), (5, 4), (6, 2), (7, 6), (7, 5), (5, 7), (5, 7), (7, 5), (5, 4), (5, 0), (7, 6), (6, 3), (6, 5), (5, 6), (5, 6), (6, 5), (5, 0), (6, 3)]
[(5, 0), (7, 2), (7, 5), (5, 7), (5, 7), (7, 5), (5, 0), (4, 0), (5, 1), (7, 2), (6, 2), (6, 4), (4, 6), (4, 6), (6, 4), (4, 0), (6, 5), (5, 6), (5, 6), (6, 5), (5, 1), (5, 0), (6, 2), (6, 3), (6, 5), (5, 6), (5, 6), (6, 5), (5, 0), (6, 3)]
[(4, 1), (5, 0), (7, 2), (7, 5), (5, 7), (5, 7), (7, 5), (5, 0), (7, 4), (4, 7), (4, 7), (7, 4), (4, 1), (4, 0), (7, 2), (7, 3), (7, 4), (4, 7), (4, 7), (7, 4), (4, 0), (1, 0), (7, 3), (3, 2), (3, 1), (1, 3), (1, 3), (3, 1), (1, 0), (3, 2)]
[(4, 1), (5, 0), (7, 2), (7, 5), (5, 7), (5, 7), (7, 5), (5, 0), (7, 4), (4, 7), (4, 7), (7, 4), (4, 1), (4, 0), (7, 2), (7, 3), (7, 4), (4, 7), (4, 7), (7, 4), (4, 0), (5, 4), (7, 3), (7, 6), (7, 5), (5, 7), (5, 7), (7, 5), (5, 4), (7, 6)]
[(4, 1), (5, 0), (7, 2), (7, 5), (5, 7), (5, 7), (7, 5), (5, 0), (7, 4), (4, 7), (4, 7), (7, 4), (4, 1), (4, 0), (5, 1), (7, 2), (6, 2), (6, 5), (5, 6), (5, 6), (6, 5), (5, 1), (6, 2), (7, 3), (7, 4), (4, 7), (4, 7), (7, 4), (4, 0), (7, 3)]
[(4, 1), (5, 0), (7, 2), (7, 5), (5, 7), (5, 7), (7, 5), (5, 0), (7, 4), (4, 7), (4, 7), (7, 4), (4, 1), (4, 0), (7, 2), (7, 3), (7, 4), (4, 7), (4, 7), (7, 4), (4, 0), (5, 0), (7, 3), (6, 3), (6, 5), (5, 6), (5, 6), (6, 5), (5, 0), (6, 3)]
[(4, 1), (5, 0), (7, 2), (7, 5), (5, 7), (5, 7), (7, 5), (5, 0), (7, 4), (4, 7), (4, 7), (7, 4), (4, 1), (1, 0), (5, 4), (7, 2), (3, 2), (3, 1), (1, 3), (1, 3), (3, 1), (1, 0), (3, 2), (7, 6), (7, 5), (5, 7), (5, 7), (7, 5), (5, 4), (7, 6)]
[(4, 1), (5, 0), (7, 2), (7, 5), (5, 7), (5, 7), (7, 5), (5, 0), (7, 4), (4, 7), (4, 7), (7, 4), (4, 1), (1, 0), (7, 2), (3, 2), (3, 1), (1, 3), (1, 3), (3, 1), (1, 0), (3, 2), (5, 1), (6, 2), (6, 5), (5, 6), (5, 6), (6, 5), (5, 1), (6, 2)]
[(4, 1), (5, 0), (7, 2), (7, 5), (5, 7), (5, 7), (7, 5), (5, 0), (7, 4), (4, 7), (4, 7), (7, 4), (4, 1), (1, 0), (7, 2), (3, 2), (3, 1), (1, 3), (1, 3), (3, 1), (1, 0), (3, 2), (5, 0), (6, 3), (6, 5), (5, 6), (5, 6), (6, 5), (5, 0), (6, 3)]
[(4, 1), (5, 0), (7, 2), (7, 5), (5, 7), (5, 7), (7, 5), (5, 0), (7, 4), (4, 7), (4, 7), (7, 4), (4, 1), (5, 4), (7, 2), (7, 6), (7, 5), (5, 7), (5, 7), (7, 5), (5, 4), (5, 1), (7, 6), (6, 2), (6, 5), (5, 6), (5, 6), (6, 5), (5, 1), (6, 2)]
[(4, 1), (5, 0), (7, 2), (7, 5), (5, 7), (5, 7), (7, 5), (5, 0), (7, 4), (4, 7), (4, 7), (7, 4), (4, 1), (5, 4), (7, 2), (7, 6), (7, 5), (5, 7), (5, 7), (7, 5), (5, 4), (5, 0), (7, 6), (6, 3), (6, 5), (5, 6), (5, 6), (6, 5), (5, 0), (6, 3)]
[(4, 1), (5, 0), (7, 2), (7, 5), (5, 7), (5, 7), (7, 5), (5, 0), (7, 4), (4, 7), (4, 7), (7, 4), (4, 1), (5, 1), (7, 2), (6, 2), (6, 5), (5, 6), (5, 6), (6, 5), (5, 1), (5, 0), (6, 2), (6, 3), (6, 5), (5, 6), (5, 6), (6, 5), (5, 0), (6, 3)]
[(5, 0), (7, 2), (7, 5), (5, 7), (5, 7), (7, 5), (5, 0), (4, 0), (7, 2), (7, 3), (7, 4), (4, 7), (4, 7), (7, 4), (4, 0), (1, 0), (5, 4), (7, 3), (3, 2), (3, 1), (1, 3), (1, 3), (3, 1), (1, 0), (3, 2), (7, 6), (7, 5), (5, 7), (5, 7), (7, 5), (5, 4), (7, 6)]
[(5, 0), (7, 2), (7, 5), (5, 7), (5, 7), (7, 5), (5, 0), (4, 0), (7, 2), (7, 3), (7, 4), (4, 7), (4, 7), (7, 4), (4, 0), (1, 0), (7, 3), (3, 2), (3, 1), (1, 3), (1, 3), (3, 1), (1, 0), (3, 2), (5, 1), (6, 2), (6, 5), (5, 6), (5, 6), (6, 5), (5, 1), (6, 2)]
[(5, 0), (7, 2), (7, 5), (5, 7), (5, 7), (7, 5), (5, 0), (4, 0), (7, 2), (7, 3), (7, 4), (4, 7), (4, 7), (7, 4), (4, 0), (1, 0), (7, 3), (3, 2), (3, 1), (1, 3), (1, 3), (3, 1), (1, 0), (3, 2), (5, 0), (6, 3), (6, 5), (5, 6), (5, 6), (6, 5), (5, 0), (6, 3)]
[(5, 0), (7, 2), (7, 5), (5, 7), (5, 7), (7, 5), (5, 0), (4, 0), (7, 2), (7, 3), (7, 4), (4, 7), (4, 7), (7, 4), (4, 0), (5, 4), (7, 3), (7, 6), (7, 5), (5, 7), (5, 7), (7, 5), (5, 4), (5, 1), (7, 6), (6, 2), (6, 5), (5, 6), (5, 6), (6, 5), (5, 1), (6, 2)]
[(5, 0), (7, 2), (7, 5), (5, 7), (5, 7), (7, 5), (5, 0), (4, 0), (7, 2), (7, 3), (7, 4), (4, 7), (4, 7), (7, 4), (4, 0), (5, 4), (7, 3), (7, 6), (7, 5), (5, 7), (5, 7), (7, 5), (5, 4), (5, 0), (7, 6), (6, 3), (6, 5), (5, 6), (5, 6), (6, 5), (5, 0), (6, 3)]
[(5, 0), (7, 2), (7, 5), (5, 7), (5, 7), (7, 5), (5, 0), (4, 0), (5, 1), (7, 2), (6, 2), (6, 5), (5, 6), (5, 6), (6, 5), (5, 1), (6, 2), (7, 3), (7, 4), (4, 7), (4, 7), (7, 4), (4, 0), (5, 0), (7, 3), (6, 3), (6, 5), (5, 6), (5, 6), (6, 5), (5, 0), (6, 3)]
[(5, 0), (7, 2), (7, 5), (5, 7), (5, 7), (7, 5), (5, 0), (1, 0), (5, 4), (7, 2), (3, 2), (3, 1), (1, 3), (1, 3), (3, 1), (1, 0), (3, 2), (7, 6), (7, 5), (5, 7), (5, 7), (7, 5), (5, 4), (5, 1), (7, 6), (6, 2), (6, 5), (5, 6), (5, 6), (6, 5), (5, 1), (6, 2)]
[(5, 0), (7, 2), (7, 5), (5, 7), (5, 7), (7, 5), (5, 0), (1, 0), (5, 4), (7, 2), (3, 2), (3, 1), (1, 3), (1, 3), (3, 1), (1, 0), (3, 2), (7, 6), (7, 5), (5, 7), (5, 7), (7, 5), (5, 4), (5, 0), (7, 6), (6, 3), (6, 5), (5, 6), (5, 6), (6, 5), (5, 0), (6, 3)]
[(5, 0), (7, 2), (7, 5), (5, 7), (5, 7), (7, 5), (5, 0), (1, 0), (7, 2), (3, 2), (3, 1), (1, 3), (1, 3), (3, 1), (1, 0), (3, 2), (5, 1), (6, 2), (6, 5), (5, 6), (5, 6), (6, 5), (5, 1), (5, 0), (6, 2), (6, 3), (6, 5), (5, 6), (5, 6), (6, 5), (5, 0), (6, 3)]
[(5, 0), (7, 2), (7, 5), (5, 7), (5, 7), (7, 5), (5, 0), (5, 4), (7, 2), (7, 6), (7, 5), (5, 7), (5, 7), (7, 5), (5, 4), (5, 1), (7, 6), (6, 2), (6, 5), (5, 6), (5, 6), (6, 5), (5, 1), (5, 0), (6, 2), (6, 3), (6, 5), (5, 6), (5, 6), (6, 5), (5, 0), (6, 3)]
[(4, 1), (6, 3), (6, 4), (4, 6), (4, 6), (6, 4), (4, 1), (4, 0), (5, 1), (6, 3), (6, 2), (6, 4), (4, 6), (4, 6), (6, 4), (4, 0), (6, 2), (7, 3), (7, 5), (5, 7), (5, 7), (7, 5), (5, 1), (4, 1), (7, 3), (7, 2), (7, 4), (4, 7), (4, 7), (7, 4), (4, 1), (7, 2)]
[(4, 1), (6, 3), (6, 4), (4, 6), (4, 6), (6, 4), (4, 1), (4, 0), (5, 1), (6, 3), (6, 2), (6, 4), (4, 6), (4, 6), (6, 4), (6, 2), (7, 3), (7, 5), (5, 7), (5, 7), (7, 5), (5, 1), (7, 4), (4, 7), (4, 7), (7, 4), (4, 0), (7, 3)]
[(4, 1), (6, 3), (6, 4), (4, 6), (4, 6), (6, 4), (4, 1), (4, 0), (5, 1), (6, 3), (6, 2), (6, 4), (4, 6), (4, 6), (6, 4), (4, 0), (6, 2), (7, 3), (7, 5), (5, 7), (5, 7), (7, 5), (5, 1), (1, 0), (7, 3), (3, 2), (3, 1), (1, 3), (1, 3), (3, 1), (1, 0), (3, 2)]
[(4, 1), (6, 3), (6, 4), (4, 6), (4, 6), (6, 4), (4, 1), (4, 0), (5, 1), (6, 3), (6, 2), (6, 4), (4, 6), (4, 6), (6, 4), (4, 0), (6, 2), (7, 3), (7, 5), (5, 7), (5, 7), (7, 5), (5, 1), (5, 4), (7, 3), (7, 6), (7, 5), (5, 7), (5, 7), (7, 5), (5, 4), (7, 6)]
[(4, 1), (6, 3), (6, 4), (4, 6), (4, 6), (6, 4), (4, 1), (4, 0), (5, 1), (6, 3), (6, 2), (6, 4), (4, 6), (4, 6), (6, 4), (4, 0), (7, 3), (7, 5), (5, 7), (5, 7), (7, 5), (6, 5), (5, 6), (5, 6), (6, 5), (5, 1), (6, 2), (7, 3)]
[(4, 1), (6, 3), (6, 4), (4, 6), (4, 6), (6, 4), (4, 1), (4, 0), (5, 1), (6, 3), (6, 2), (6, 4), (4, 6), (4, 6), (6, 4), (4, 0), (6, 2), (7, 3), (7, 5), (5, 7), (5, 7), (7, 5), (5, 1), (5, 0), (7, 3), (6, 3), (6, 5), (5, 6), (5, 6), (6, 5), (5, 0), (6, 3)]
[(4, 1), (6, 3), (6, 4), (4, 6), (4, 6), (6, 4), (4, 1), (5, 1), (6, 3), (7, 3), (7, 5), (5, 7), (5, 7), (7, 5), (5, 1), (4, 1), (7, 3), (7, 2), (7, 4), (4, 7), (4, 7), (7, 4), (4, 1), (4, 0), (7, 2), (7, 3), (7, 4), (4, 7), (4, 7), (7, 4), (4, 0), (7, 3)]
[(4, 1), (6, 3), (6, 4), (4, 6), (4, 6), (6, 4), (4, 1), (5, 1), (6, 3), (7, 3), (7, 5), (5, 7), (5, 7), (7, 5), (5, 1), (4, 1), (7, 3), (7, 2), (7, 4), (4, 7), (4, 7), (7, 4), (4, 1), (1, 0), (7, 2), (3, 2), (3, 1), (1, 3), (1, 3), (3, 1), (1, 0), (3, 2)]
[(4, 1), (6, 3), (6, 4), (4, 6), (4, 6), (6, 4), (4, 1), (5, 1), (6, 3), (7, 3), (7, 5), (5, 7), (5, 7), (7, 5), (5, 1), (4, 1), (7, 3), (7, 2), (7, 4), (4, 7), (4, 7), (7, 4), (4, 1), (5, 4), (7, 2), (7, 6), (7, 5), (5, 7), (5, 7), (7, 5), (5, 4), (7, 6)]
[(4, 1), (6, 3), (6, 4), (4, 6), (4, 6), (6, 4), (4, 1), (5, 1), (6, 3), (7, 3), (7, 5), (5, 7), (5, 7), (7, 5), (5, 1), (4, 1), (7, 3), (7, 2), (7, 4), (4, 7), (4, 7), (7, 4), (4, 1), (5, 1), (7, 2), (6, 2), (6, 5), (5, 6), (5, 6), (6, 5), (5, 1), (6, 2)]
[(4, 1), (6, 3), (6, 4), (4, 6), (4, 6), (6, 4), (4, 1), (5, 1), (6, 3), (7, 3), (7, 5), (5, 7), (5, 7), (7, 5), (5, 1), (4, 1), (5, 0), (7, 3), (6, 3), (6, 5), (5, 6), (5, 6), (6, 5), (5, 0), (6, 3), (7, 2), (7, 4), (4, 7), (4, 7), (7, 4), (4, 1), (7, 2)]
[(4, 1), (6, 3), (6, 4), (4, 6), (4, 6), (6, 4), (4, 1), (4, 0), (5, 1), (6, 3), (7, 3), (7, 5), (5, 7), (5, 7), (7, 5), (5, 1), (7, 4), (4, 7), (4, 7), (7, 4), (4, 0), (1, 0), (7, 3), (3, 2), (3, 1), (1, 3), (1, 3), (3, 1), (1, 0), (3, 2)]
[(4, 1), (6, 3), (6, 4), (4, 6), (4, 6), (6, 4), (4, 1), (4, 0), (5, 1), (6, 3), (7, 3), (7, 5), (5, 7), (5, 7), (7, 5), (5, 1), (7, 4), (4, 7), (4, 7), (7, 4), (4, 0), (5, 4), (7, 3), (7, 6), (7, 5), (5, 7), (5, 7), (7, 5), (5, 4), (7, 6)]
[(4, 1), (6, 3), (6, 4), (4, 6), (4, 6), (6, 4), (4, 1), (4, 0), (5, 1), (6, 3), (6, 2), (7, 3), (7, 5), (5, 7), (5, 7), (7, 5), (6, 5), (5, 6), (5, 6), (6, 5), (5, 1), (6, 2), (7, 4), (4, 7), (4, 7), (7, 4), (4, 0), (7, 3)]
[(4, 1), (6, 3), (6, 4), (4, 6), (4, 6), (6, 4), (4, 1), (4, 0), (5, 1), (6, 3), (7, 3), (7, 5), (5, 7), (5, 7), (7, 5), (5, 1), (7, 4), (4, 7), (4, 7), (7, 4), (4, 0), (5, 0), (7, 3), (6, 3), (6, 5), (5, 6), (5, 6), (6, 5), (5, 0), (6, 3)]
[(4, 1), (6, 3), (6, 4), (4, 6), (4, 6), (6, 4), (4, 1), (5, 1), (6, 3), (7, 3), (7, 5), (5, 7), (5, 7), (7, 5), (5, 1), (1, 0), (5, 4), (7, 3), (3, 2), (3, 1), (1, 3), (1, 3), (3, 1), (1, 0), (3, 2), (7, 6), (7, 5), (5, 7), (5, 7), (7, 5), (5, 4), (7, 6)]
[(4, 1), (6, 3), (6, 4), (4, 6), (4, 6), (6, 4), (4, 1), (5, 1), (6, 3), (7, 3), (7, 5), (5, 7), (5, 7), (7, 5), (5, 1), (1, 0), (7, 3), (3, 2), (3, 1), (1, 3), (1, 3), (3, 1), (1, 0), (3, 2), (5, 1), (6, 2), (6, 5), (5, 6), (5, 6), (6, 5), (5, 1), (6, 2)]
[(4, 1), (6, 3), (6, 4), (4, 6), (4, 6), (6, 4), (4, 1), (5, 1), (6, 3), (7, 3), (7, 5), (5, 7), (5, 7), (7, 5), (5, 1), (1, 0), (7, 3), (3, 2), (3, 1), (1, 3), (1, 3), (3, 1), (1, 0), (3, 2), (5, 0), (6, 3), (6, 5), (5, 6), (5, 6), (6, 5), (5, 0), (6, 3)]
[(4, 1), (6, 3), (6, 4), (4, 6), (4, 6), (6, 4), (4, 1), (5, 1), (6, 3), (7, 3), (7, 5), (5, 7), (5, 7), (7, 5), (5, 1), (5, 4), (7, 3), (7, 6), (7, 5), (5, 7), (5, 7), (7, 5), (5, 4), (5, 1), (7, 6), (6, 2), (6, 5), (5, 6), (5, 6), (6, 5), (5, 1), (6, 2)]
[(4, 1), (6, 3), (6, 4), (4, 6), (4, 6), (6, 4), (4, 1), (5, 1), (6, 3), (7, 3), (7, 5), (5, 7), (5, 7), (7, 5), (5, 1), (5, 4), (7, 3), (7, 6), (7, 5), (5, 7), (5, 7), (7, 5), (5, 4), (5, 0), (7, 6), (6, 3), (6, 5), (5, 6), (5, 6), (6, 5), (5, 0), (6, 3)]
[(4, 1), (6, 3), (6, 4), (4, 6), (4, 6), (6, 4), (4, 1), (5, 1), (6, 3), (6, 2), (7, 3), (7, 5), (5, 7), (5, 7), (7, 5), (6, 5), (5, 6), (5, 6), (6, 5), (5, 1), (5, 0), (6, 2), (7, 3), (6, 3), (6, 5), (5, 6), (5, 6), (6, 5), (5, 0), (6, 3)]
[(4, 1), (6, 3), (6, 4), (4, 6), (4, 6), (6, 4), (4, 1), (4, 0), (6, 3), (6, 2), (6, 4), (4, 6), (4, 6), (6, 4), (4, 0), (4, 1), (6, 2), (7, 2), (7, 4), (4, 7), (4, 7), (7, 4), (4, 1), (4, 0), (7, 2), (7, 3), (7, 4), (4, 7), (4, 7), (7, 4), (4, 0), (7, 3)]
[(4, 1), (6, 3), (6, 4), (4, 6), (4, 6), (6, 4), (4, 1), (4, 0), (6, 3), (6, 2), (6, 4), (4, 6), (4, 6), (6, 4), (4, 0), (4, 1), (6, 2), (7, 2), (7, 4), (4, 7), (4, 7), (7, 4), (4, 1), (1, 0), (7, 2), (3, 2), (3, 1), (1, 3), (1, 3), (3, 1), (1, 0), (3, 2)]
[(4, 1), (6, 3), (6, 4), (4, 6), (4, 6), (6, 4), (4, 1), (4, 0), (6, 3), (6, 2), (6, 4), (4, 6), (4, 6), (6, 4), (4, 0), (4, 1), (6, 2), (7, 2), (7, 4), (4, 7), (4, 7), (7, 4), (4, 1), (5, 4), (7, 2), (7, 6), (7, 5), (5, 7), (5, 7), (7, 5), (5, 4), (7, 6)]
[(4, 1), (6, 3), (6, 4), (4, 6), (4, 6), (6, 4), (4, 1), (4, 0), (6, 3), (6, 2), (6, 4), (4, 6), (4, 6), (6, 4), (4, 0), (4, 1), (6, 2), (7, 2), (7, 4), (4, 7), (4, 7), (7, 4), (4, 1), (5, 1), (7, 2), (6, 2), (6, 5), (5, 6), (5, 6), (6, 5), (5, 1), (6, 2)]
[(4, 1), (6, 3), (6, 4), (4, 6), (4, 6), (6, 4), (4, 1), (4, 0), (6, 3), (6, 2), (6, 4), (4, 6), (4, 6), (6, 4), (4, 0), (4, 1), (5, 0), (6, 2), (6, 3), (6, 5), (5, 6), (5, 6), (6, 5), (5, 0), (6, 3), (7, 2), (7, 4), (4, 7), (4, 7), (7, 4), (4, 1), (7, 2)]
[(4, 1), (6, 3), (6, 4), (4, 6), (4, 6), (6, 4), (4, 1), (4, 0), (6, 3), (6, 2), (6, 4), (4, 6), (4, 6), (6, 4), (6, 2), (7, 3), (7, 4), (4, 7), (4, 7), (7, 4), (4, 0), (1, 0), (7, 3), (3, 2), (3, 1), (1, 3), (1, 3), (3, 1), (1, 0), (3, 2)]
[(4, 1), (6, 3), (6, 4), (4, 6), (4, 6), (6, 4), (4, 1), (4, 0), (6, 3), (6, 2), (6, 4), (4, 6), (4, 6), (6, 4), (6, 2), (7, 3), (7, 4), (4, 7), (4, 7), (7, 4), (4, 0), (5, 4), (7, 3), (7, 6), (7, 5), (5, 7), (5, 7), (7, 5), (5, 4), (7, 6)]
[(4, 1), (6, 3), (6, 4), (4, 6), (4, 6), (6, 4), (4, 1), (4, 0), (5, 1), (6, 3), (6, 2), (6, 4), (4, 6), (4, 6), (6, 4), (6, 5), (5, 6), (5, 6), (6, 5), (5, 1), (6, 2), (7, 3), (7, 4), (4, 7), (4, 7), (7, 4), (4, 0), (7, 3)]
[(4, 1), (6, 3), (6, 4), (4, 6), (4, 6), (6, 4), (4, 1), (4, 0), (6, 3), (6, 2), (6, 4), (4, 6), (4, 6), (6, 4), (6, 2), (7, 3), (7, 4), (4, 7), (4, 7), (7, 4), (4, 0), (5, 0), (7, 3), (6, 3), (6, 5), (5, 6), (5, 6), (6, 5), (5, 0), (6, 3)]
[(4, 1), (6, 3), (6, 4), (4, 6), (4, 6), (6, 4), (4, 1), (4, 0), (6, 3), (6, 2), (6, 4), (4, 6), (4, 6), (6, 4), (4, 0), (1, 0), (5, 4), (6, 2), (3, 2), (3, 1), (1, 3), (1, 3), (3, 1), (1, 0), (3, 2), (7, 6), (7, 5), (5, 7), (5, 7), (7, 5), (5, 4), (7, 6)]
[(4, 1), (6, 3), (6, 4), (4, 6), (4, 6), (6, 4), (4, 1), (4, 0), (6, 3), (6, 2), (6, 4), (4, 6), (4, 6), (6, 4), (4, 0), (1, 0), (6, 2), (3, 2), (3, 1), (1, 3), (1, 3), (3, 1), (1, 0), (3, 2), (5, 1), (6, 2), (6, 5), (5, 6), (5, 6), (6, 5), (5, 1), (6, 2)]
[(4, 1), (6, 3), (6, 4), (4, 6), (4, 6), (6, 4), (4, 1), (4, 0), (6, 3), (6, 2), (6, 4), (4, 6), (4, 6), (6, 4), (4, 0), (1, 0), (6, 2), (3, 2), (3, 1), (1, 3), (1, 3), (3, 1), (1, 0), (3, 2), (5, 0), (6, 3), (6, 5), (5, 6), (5, 6), (6, 5), (5, 0), (6, 3)]
[(4, 1), (6, 3), (6, 4), (4, 6), (4, 6), (6, 4), (4, 1), (4, 0), (6, 3), (6, 2), (6, 4), (4, 6), (4, 6), (6, 4), (4, 0), (5, 4), (6, 2), (7, 6), (7, 5), (5, 7), (5, 7), (7, 5), (5, 4), (5, 1), (7, 6), (6, 2), (6, 5), (5, 6), (5, 6), (6, 5), (5, 1), (6, 2)]
[(4, 1), (6, 3), (6, 4), (4, 6), (4, 6), (6, 4), (4, 1), (4, 0), (6, 3), (6, 2), (6, 4), (4, 6), (4, 6), (6, 4), (4, 0), (5, 4), (6, 2), (7, 6), (7, 5), (5, 7), (5, 7), (7, 5), (5, 4), (5, 0), (7, 6), (6, 3), (6, 5), (5, 6), (5, 6), (6, 5), (5, 0), (6, 3)]
[(4, 1), (6, 3), (6, 4), (4, 6), (4, 6), (6, 4), (4, 1), (4, 0), (5, 1), (6, 3), (6, 2), (6, 4), (4, 6), (4, 6), (6, 4), (4, 0), (6, 5), (5, 6), (5, 6), (6, 5), (5, 1), (5, 0), (6, 2), (6, 3), (6, 5), (5, 6), (5, 6), (6, 5), (5, 0), (6, 3)]
[(4, 1), (6, 3), (6, 4), (4, 6), (4, 6), (6, 4), (6, 3), (7, 2), (7, 4), (4, 7), (4, 7), (7, 4), (4, 1), (4, 0), (7, 2), (7, 3), (7, 4), (4, 7), (4, 7), (7, 4), (4, 0), (1, 0), (7, 3), (3, 2), (3, 1), (1, 3), (1, 3), (3, 1), (1, 0), (3, 2)]
[(4, 1), (6, 3), (6, 4), (4, 6), (4, 6), (6, 4), (6, 3), (7, 2), (7, 4), (4, 7), (4, 7), (7, 4), (4, 1), (4, 0), (7, 2), (7, 3), (7, 4), (4, 7), (4, 7), (7, 4), (4, 0), (5, 4), (7, 3), (7, 6), (7, 5), (5, 7), (5, 7), (7, 5), (5, 4), (7, 6)]
[(4, 1), (6, 3), (6, 4), (4, 6), (4, 6), (6, 4), (6, 3), (7, 2), (7, 4), (4, 7), (4, 7), (7, 4), (4, 1), (4, 0), (5, 1), (7, 2), (6, 2), (6, 5), (5, 6), (5, 6), (6, 5), (5, 1), (6, 2), (7, 3), (7, 4), (4, 7), (4, 7), (7, 4), (4, 0), (7, 3)]
[(4, 1), (6, 3), (6, 4), (4, 6), (4, 6), (6, 4), (6, 3), (7, 2), (7, 4), (4, 7), (4, 7), (7, 4), (4, 1), (4, 0), (7, 2), (7, 3), (7, 4), (4, 7), (4, 7), (7, 4), (4, 0), (5, 0), (7, 3), (6, 3), (6, 5), (5, 6), (5, 6), (6, 5), (5, 0), (6, 3)]
[(4, 1), (6, 3), (6, 4), (4, 6), (4, 6), (6, 4), (6, 3), (7, 2), (7, 4), (4, 7), (4, 7), (7, 4), (4, 1), (1, 0), (5, 4), (7, 2), (3, 2), (3, 1), (1, 3), (1, 3), (3, 1), (1, 0), (3, 2), (7, 6), (7, 5), (5, 7), (5, 7), (7, 5), (5, 4), (7, 6)]
[(4, 1), (6, 3), (6, 4), (4, 6), (4, 6), (6, 4), (6, 3), (7, 2), (7, 4), (4, 7), (4, 7), (7, 4), (4, 1), (1, 0), (7, 2), (3, 2), (3, 1), (1, 3), (1, 3), (3, 1), (1, 0), (3, 2), (5, 1), (6, 2), (6, 5), (5, 6), (5, 6), (6, 5), (5, 1), (6, 2)]
[(4, 1), (6, 3), (6, 4), (4, 6), (4, 6), (6, 4), (6, 3), (7, 2), (7, 4), (4, 7), (4, 7), (7, 4), (4, 1), (1, 0), (7, 2), (3, 2), (3, 1), (1, 3), (1, 3), (3, 1), (1, 0), (3, 2), (5, 0), (6, 3), (6, 5), (5, 6), (5, 6), (6, 5), (5, 0), (6, 3)]
[(4, 1), (6, 3), (6, 4), (4, 6), (4, 6), (6, 4), (6, 3), (7, 2), (7, 4), (4, 7), (4, 7), (7, 4), (4, 1), (5, 4), (7, 2), (7, 6), (7, 5), (5, 7), (5, 7), (7, 5), (5, 4), (5, 1), (7, 6), (6, 2), (6, 5), (5, 6), (5, 6), (6, 5), (5, 1), (6, 2)]
[(4, 1), (6, 3), (6, 4), (4, 6), (4, 6), (6, 4), (6, 3), (7, 2), (7, 4), (4, 7), (4, 7), (7, 4), (4, 1), (5, 4), (7, 2), (7, 6), (7, 5), (5, 7), (5, 7), (7, 5), (5, 4), (5, 0), (7, 6), (6, 3), (6, 5), (5, 6), (5, 6), (6, 5), (5, 0), (6, 3)]
[(4, 1), (6, 3), (6, 4), (4, 6), (4, 6), (6, 4), (6, 3), (7, 2), (7, 4), (4, 7), (4, 7), (7, 4), (4, 1), (5, 1), (7, 2), (6, 2), (6, 5), (5, 6), (5, 6), (6, 5), (5, 1), (5, 0), (6, 2), (6, 3), (6, 5), (5, 6), (5, 6), (6, 5), (5, 0), (6, 3)]
[(4, 1), (6, 3), (6, 4), (4, 6), (4, 6), (6, 4), (4, 1), (4, 0), (6, 3), (7, 3), (7, 4), (4, 7), (4, 7), (7, 4), (4, 0), (1, 0), (5, 4), (7, 3), (3, 2), (3, 1), (1, 3), (1, 3), (3, 1), (1, 0), (3, 2), (7, 6), (7, 5), (5, 7), (5, 7), (7, 5), (5, 4), (7, 6)]
[(4, 1), (6, 3), (6, 4), (4, 6), (4, 6), (6, 4), (4, 1), (4, 0), (6, 3), (7, 3), (7, 4), (4, 7), (4, 7), (7, 4), (4, 0), (1, 0), (7, 3), (3, 2), (3, 1), (1, 3), (1, 3), (3, 1), (1, 0), (3, 2), (5, 1), (6, 2), (6, 5), (5, 6), (5, 6), (6, 5), (5, 1), (6, 2)]
[(4, 1), (6, 3), (6, 4), (4, 6), (4, 6), (6, 4), (4, 1), (4, 0), (6, 3), (7, 3), (7, 4), (4, 7), (4, 7), (7, 4), (4, 0), (1, 0), (7, 3), (3, 2), (3, 1), (1, 3), (1, 3), (3, 1), (1, 0), (3, 2), (5, 0), (6, 3), (6, 5), (5, 6), (5, 6), (6, 5), (5, 0), (6, 3)]
[(4, 1), (6, 3), (6, 4), (4, 6), (4, 6), (6, 4), (4, 1), (4, 0), (6, 3), (7, 3), (7, 4), (4, 7), (4, 7), (7, 4), (4, 0), (5, 4), (7, 3), (7, 6), (7, 5), (5, 7), (5, 7), (7, 5), (5, 4), (5, 1), (7, 6), (6, 2), (6, 5), (5, 6), (5, 6), (6, 5), (5, 1), (6, 2)]
[(4, 1), (6, 3), (6, 4), (4, 6), (4, 6), (6, 4), (4, 1), (4, 0), (6, 3), (7, 3), (7, 4), (4, 7), (4, 7), (7, 4), (4, 0), (5, 4), (7, 3), (7, 6), (7, 5), (5, 7), (5, 7), (7, 5), (5, 4), (5, 0), (7, 6), (6, 3), (6, 5), (5, 6), (5, 6), (6, 5), (5, 0), (6, 3)]
[(4, 1), (6, 3), (6, 4), (4, 6), (4, 6), (6, 4), (4, 1), (4, 0), (5, 1), (6, 3), (6, 2), (6, 5), (5, 6), (5, 6), (6, 5), (5, 1), (6, 2), (7, 3), (7, 4), (4, 7), (4, 7), (7, 4), (4, 0), (5, 0), (7, 3), (6, 3), (6, 5), (5, 6), (5, 6), (6, 5), (5, 0), (6, 3)]
[(4, 1), (6, 3), (6, 4), (4, 6), (4, 6), (6, 4), (4, 1), (1, 0), (5, 4), (6, 3), (3, 2), (3, 1), (1, 3), (1, 3), (3, 1), (1, 0), (3, 2), (7, 6), (7, 5), (5, 7), (5, 7), (7, 5), (5, 4), (5, 1), (7, 6), (6, 2), (6, 5), (5, 6), (5, 6), (6, 5), (5, 1), (6, 2)]
[(4, 1), (6, 3), (6, 4), (4, 6), (4, 6), (6, 4), (4, 1), (1, 0), (5, 4), (6, 3), (3, 2), (3, 1), (1, 3), (1, 3), (3, 1), (1, 0), (3, 2), (7, 6), (7, 5), (5, 7), (5, 7), (7, 5), (5, 4), (5, 0), (7, 6), (6, 3), (6, 5), (5, 6), (5, 6), (6, 5), (5, 0), (6, 3)]
[(4, 1), (6, 3), (6, 4), (4, 6), (4, 6), (6, 4), (4, 1), (1, 0), (6, 3), (3, 2), (3, 1), (1, 3), (1, 3), (3, 1), (1, 0), (3, 2), (5, 1), (6, 2), (6, 5), (5, 6), (5, 6), (6, 5), (5, 1), (5, 0), (6, 2), (6, 3), (6, 5), (5, 6), (5, 6), (6, 5), (5, 0), (6, 3)]
[(4, 1), (6, 3), (6, 4), (4, 6), (4, 6), (6, 4), (4, 1), (5, 4), (6, 3), (7, 6), (7, 5), (5, 7), (5, 7), (7, 5), (5, 4), (5, 1), (7, 6), (6, 2), (6, 5), (5, 6), (5, 6), (6, 5), (5, 1), (5, 0), (6, 2), (6, 3), (6, 5), (5, 6), (5, 6), (6, 5), (5, 0), (6, 3)]
[(4, 0), (5, 1), (6, 2), (6, 4), (4, 6), (4, 6), (6, 4), (4, 0), (6, 2), (7, 3), (7, 5), (5, 7), (5, 7), (7, 5), (5, 1), (4, 1), (7, 3), (7, 2), (7, 4), (4, 7), (4, 7), (7, 4), (4, 1), (4, 0), (7, 2), (7, 3), (7, 4), (4, 7), (4, 7), (7, 4), (4, 0), (7, 3)]
[(4, 0), (5, 1), (6, 2), (6, 4), (4, 6), (4, 6), (6, 4), (4, 0), (6, 2), (7, 3), (7, 5), (5, 7), (5, 7), (7, 5), (5, 1), (4, 1), (7, 3), (7, 2), (7, 4), (4, 7), (4, 7), (7, 4), (4, 1), (1, 0), (7, 2), (3, 2), (3, 1), (1, 3), (1, 3), (3, 1), (1, 0), (3, 2)]
[(4, 0), (5, 1), (6, 2), (6, 4), (4, 6), (4, 6), (6, 4), (4, 0), (6, 2), (7, 3), (7, 5), (5, 7), (5, 7), (7, 5), (5, 1), (4, 1), (7, 3), (7, 2), (7, 4), (4, 7), (4, 7), (7, 4), (4, 1), (5, 4), (7, 2), (7, 6), (7, 5), (5, 7), (5, 7), (7, 5), (5, 4), (7, 6)]
[(4, 0), (5, 1), (6, 2), (6, 4), (4, 6), (4, 6), (6, 4), (4, 0), (6, 2), (7, 3), (7, 5), (5, 7), (5, 7), (7, 5), (5, 1), (4, 1), (7, 3), (7, 2), (7, 4), (4, 7), (4, 7), (7, 4), (4, 1), (5, 1), (7, 2), (6, 2), (6, 5), (5, 6), (5, 6), (6, 5), (5, 1), (6, 2)]
[(4, 0), (5, 1), (6, 2), (6, 4), (4, 6), (4, 6), (6, 4), (4, 0), (6, 2), (7, 3), (7, 5), (5, 7), (5, 7), (7, 5), (5, 1), (4, 1), (5, 0), (7, 3), (6, 3), (6, 5), (5, 6), (5, 6), (6, 5), (5, 0), (6, 3), (7, 2), (7, 4), (4, 7), (4, 7), (7, 4), (4, 1), (7, 2)]
[(4, 0), (5, 1), (6, 2), (6, 4), (4, 6), (4, 6), (6, 4), (6, 2), (7, 3), (7, 5), (5, 7), (5, 7), (7, 5), (5, 1), (7, 4), (4, 7), (4, 7), (7, 4), (4, 0), (1, 0), (7, 3), (3, 2), (3, 1), (1, 3), (1, 3), (3, 1), (1, 0), (3, 2)]
[(4, 0), (5, 1), (6, 2), (6, 4), (4, 6), (4, 6), (6, 4), (6, 2), (7, 3), (7, 5), (5, 7), (5, 7), (7, 5), (5, 1), (7, 4), (4, 7), (4, 7), (7, 4), (4, 0), (5, 4), (7, 3), (7, 6), (7, 5), (5, 7), (5, 7), (7, 5), (5, 4), (7, 6)]
[(4, 0), (5, 1), (6, 2), (6, 4), (4, 6), (4, 6), (6, 4), (7, 3), (7, 5), (5, 7), (5, 7), (7, 5), (6, 5), (5, 6), (5, 6), (6, 5), (5, 1), (6, 2), (7, 4), (4, 7), (4, 7), (7, 4), (4, 0), (7, 3)]
[(4, 0), (5, 1), (6, 2), (6, 4), (4, 6), (4, 6), (6, 4), (6, 2), (7, 3), (7, 5), (5, 7), (5, 7), (7, 5), (5, 1), (7, 4), (4, 7), (4, 7), (7, 4), (4, 0), (5, 0), (7, 3), (6, 3), (6, 5), (5, 6), (5, 6), (6, 5), (5, 0), (6, 3)]
[(4, 0), (5, 1), (6, 2), (6, 4), (4, 6), (4, 6), (6, 4), (4, 0), (6, 2), (7, 3), (7, 5), (5, 7), (5, 7), (7, 5), (5, 1), (1, 0), (5, 4), (7, 3), (3, 2), (3, 1), (1, 3), (1, 3), (3, 1), (1, 0), (3, 2), (7, 6), (7, 5), (5, 7), (5, 7), (7, 5), (5, 4), (7, 6)]
[(4, 0), (5, 1), (6, 2), (6, 4), (4, 6), (4, 6), (6, 4), (4, 0), (6, 2), (7, 3), (7, 5), (5, 7), (5, 7), (7, 5), (5, 1), (1, 0), (7, 3), (3, 2), (3, 1), (1, 3), (1, 3), (3, 1), (1, 0), (3, 2), (5, 1), (6, 2), (6, 5), (5, 6), (5, 6), (6, 5), (5, 1), (6, 2)]
[(4, 0), (5, 1), (6, 2), (6, 4), (4, 6), (4, 6), (6, 4), (4, 0), (6, 2), (7, 3), (7, 5), (5, 7), (5, 7), (7, 5), (5, 1), (1, 0), (7, 3), (3, 2), (3, 1), (1, 3), (1, 3), (3, 1), (1, 0), (3, 2), (5, 0), (6, 3), (6, 5), (5, 6), (5, 6), (6, 5), (5, 0), (6, 3)]
[(4, 0), (5, 1), (6, 2), (6, 4), (4, 6), (4, 6), (6, 4), (4, 0), (6, 2), (7, 3), (7, 5), (5, 7), (5, 7), (7, 5), (5, 1), (5, 4), (7, 3), (7, 6), (7, 5), (5, 7), (5, 7), (7, 5), (5, 4), (5, 1), (7, 6), (6, 2), (6, 5), (5, 6), (5, 6), (6, 5), (5, 1), (6, 2)]
[(4, 0), (5, 1), (6, 2), (6, 4), (4, 6), (4, 6), (6, 4), (4, 0), (6, 2), (7, 3), (7, 5), (5, 7), (5, 7), (7, 5), (5, 1), (5, 4), (7, 3), (7, 6), (7, 5), (5, 7), (5, 7), (7, 5), (5, 4), (5, 0), (7, 6), (6, 3), (6, 5), (5, 6), (5, 6), (6, 5), (5, 0), (6, 3)]
[(4, 0), (5, 1), (6, 2), (6, 4), (4, 6), (4, 6), (6, 4), (4, 0), (7, 3), (7, 5), (5, 7), (5, 7), (7, 5), (6, 5), (5, 6), (5, 6), (6, 5), (5, 1), (5, 0), (6, 2), (7, 3), (6, 3), (6, 5), (5, 6), (5, 6), (6, 5), (5, 0), (6, 3)]
[(5, 1), (7, 3), (7, 5), (5, 7), (5, 7), (7, 5), (5, 1), (4, 1), (7, 3), (7, 2), (7, 4), (4, 7), (4, 7), (7, 4), (4, 1), (4, 0), (7, 2), (7, 3), (7, 4), (4, 7), (4, 7), (7, 4), (4, 0), (1, 0), (7, 3), (3, 2), (3, 1), (1, 3), (1, 3), (3, 1), (1, 0), (3, 2)]
[(5, 1), (7, 3), (7, 5), (5, 7), (5, 7), (7, 5), (5, 1), (4, 1), (7, 3), (7, 2), (7, 4), (4, 7), (4, 7), (7, 4), (4, 1), (4, 0), (7, 2), (7, 3), (7, 4), (4, 7), (4, 7), (7, 4), (4, 0), (5, 4), (7, 3), (7, 6), (7, 5), (5, 7), (5, 7), (7, 5), (5, 4), (7, 6)]
[(5, 1), (7, 3), (7, 5), (5, 7), (5, 7), (7, 5), (5, 1), (4, 1), (7, 3), (7, 2), (7, 4), (4, 7), (4, 7), (7, 4), (4, 1), (4, 0), (5, 1), (7, 2), (6, 2), (6, 5), (5, 6), (5, 6), (6, 5), (5, 1), (6, 2), (7, 3), (7, 4), (4, 7), (4, 7), (7, 4), (4, 0), (7, 3)]
[(5, 1), (7, 3), (7, 5), (5, 7), (5, 7), (7, 5), (5, 1), (4, 1), (7, 3), (7, 2), (7, 4), (4, 7), (4, 7), (7, 4), (4, 1), (4, 0), (7, 2), (7, 3), (7, 4), (4, 7), (4, 7), (7, 4), (4, 0), (5, 0), (7, 3), (6, 3), (6, 5), (5, 6), (5, 6), (6, 5), (5, 0), (6, 3)]
[(5, 1), (7, 3), (7, 5), (5, 7), (5, 7), (7, 5), (5, 1), (4, 1), (7, 3), (7, 2), (7, 4), (4, 7), (4, 7), (7, 4), (4, 1), (1, 0), (5, 4), (7, 2), (3, 2), (3, 1), (1, 3), (1, 3), (3, 1), (1, 0), (3, 2), (7, 6), (7, 5), (5, 7), (5, 7), (7, 5), (5, 4), (7, 6)]
[(5, 1), (7, 3), (7, 5), (5, 7), (5, 7), (7, 5), (5, 1), (4, 1), (7, 3), (7, 2), (7, 4), (4, 7), (4, 7), (7, 4), (4, 1), (1, 0), (7, 2), (3, 2), (3, 1), (1, 3), (1, 3), (3, 1), (1, 0), (3, 2), (5, 1), (6, 2), (6, 5), (5, 6), (5, 6), (6, 5), (5, 1), (6, 2)]
[(5, 1), (7, 3), (7, 5), (5, 7), (5, 7), (7, 5), (5, 1), (4, 1), (7, 3), (7, 2), (7, 4), (4, 7), (4, 7), (7, 4), (4, 1), (1, 0), (7, 2), (3, 2), (3, 1), (1, 3), (1, 3), (3, 1), (1, 0), (3, 2), (5, 0), (6, 3), (6, 5), (5, 6), (5, 6), (6, 5), (5, 0), (6, 3)]
[(5, 1), (7, 3), (7, 5), (5, 7), (5, 7), (7, 5), (5, 1), (4, 1), (7, 3), (7, 2), (7, 4), (4, 7), (4, 7), (7, 4), (4, 1), (5, 4), (7, 2), (7, 6), (7, 5), (5, 7), (5, 7), (7, 5), (5, 4), (5, 1), (7, 6), (6, 2), (6, 5), (5, 6), (5, 6), (6, 5), (5, 1), (6, 2)]
[(5, 1), (7, 3), (7, 5), (5, 7), (5, 7), (7, 5), (5, 1), (4, 1), (7, 3), (7, 2), (7, 4), (4, 7), (4, 7), (7, 4), (4, 1), (5, 4), (7, 2), (7, 6), (7, 5), (5, 7), (5, 7), (7, 5), (5, 4), (5, 0), (7, 6), (6, 3), (6, 5), (5, 6), (5, 6), (6, 5), (5, 0), (6, 3)]
[(5, 1), (7, 3), (7, 5), (5, 7), (5, 7), (7, 5), (5, 1), (4, 1), (7, 3), (7, 2), (7, 4), (4, 7), (4, 7), (7, 4), (4, 1), (5, 1), (7, 2), (6, 2), (6, 5), (5, 6), (5, 6), (6, 5), (5, 1), (5, 0), (6, 2), (6, 3), (6, 5), (5, 6), (5, 6), (6, 5), (5, 0), (6, 3)]
[(4, 0), (5, 1), (7, 3), (7, 5), (5, 7), (5, 7), (7, 5), (5, 1), (7, 4), (4, 7), (4, 7), (7, 4), (4, 0), (1, 0), (5, 4), (7, 3), (3, 2), (3, 1), (1, 3), (1, 3), (3, 1), (1, 0), (3, 2), (7, 6), (7, 5), (5, 7), (5, 7), (7, 5), (5, 4), (7, 6)]
[(4, 0), (5, 1), (7, 3), (7, 5), (5, 7), (5, 7), (7, 5), (5, 1), (7, 4), (4, 7), (4, 7), (7, 4), (4, 0), (1, 0), (7, 3), (3, 2), (3, 1), (1, 3), (1, 3), (3, 1), (1, 0), (3, 2), (5, 1), (6, 2), (6, 5), (5, 6), (5, 6), (6, 5), (5, 1), (6, 2)]
[(4, 0), (5, 1), (7, 3), (7, 5), (5, 7), (5, 7), (7, 5), (5, 1), (7, 4), (4, 7), (4, 7), (7, 4), (4, 0), (1, 0), (7, 3), (3, 2), (3, 1), (1, 3), (1, 3), (3, 1), (1, 0), (3, 2), (5, 0), (6, 3), (6, 5), (5, 6), (5, 6), (6, 5), (5, 0), (6, 3)]
[(4, 0), (5, 1), (7, 3), (7, 5), (5, 7), (5, 7), (7, 5), (5, 1), (7, 4), (4, 7), (4, 7), (7, 4), (4, 0), (5, 4), (7, 3), (7, 6), (7, 5), (5, 7), (5, 7), (7, 5), (5, 4), (5, 1), (7, 6), (6, 2), (6, 5), (5, 6), (5, 6), (6, 5), (5, 1), (6, 2)]
[(4, 0), (5, 1), (7, 3), (7, 5), (5, 7), (5, 7), (7, 5), (5, 1), (7, 4), (4, 7), (4, 7), (7, 4), (4, 0), (5, 4), (7, 3), (7, 6), (7, 5), (5, 7), (5, 7), (7, 5), (5, 4), (5, 0), (7, 6), (6, 3), (6, 5), (5, 6), (5, 6), (6, 5), (5, 0), (6, 3)]
[(4, 0), (5, 1), (6, 2), (7, 3), (7, 5), (5, 7), (5, 7), (7, 5), (6, 5), (5, 6), (5, 6), (6, 5), (5, 1), (6, 2), (7, 4), (4, 7), (4, 7), (7, 4), (4, 0), (5, 0), (7, 3), (6, 3), (6, 5), (5, 6), (5, 6), (6, 5), (5, 0), (6, 3)]
[(5, 1), (7, 3), (7, 5), (5, 7), (5, 7), (7, 5), (5, 1), (1, 0), (5, 4), (7, 3), (3, 2), (3, 1), (1, 3), (1, 3), (3, 1), (1, 0), (3, 2), (7, 6), (7, 5), (5, 7), (5, 7), (7, 5), (5, 4), (5, 1), (7, 6), (6, 2), (6, 5), (5, 6), (5, 6), (6, 5), (5, 1), (6, 2)]
[(5, 1), (7, 3), (7, 5), (5, 7), (5, 7), (7, 5), (5, 1), (1, 0), (5, 4), (7, 3), (3, 2), (3, 1), (1, 3), (1, 3), (3, 1), (1, 0), (3, 2), (7, 6), (7, 5), (5, 7), (5, 7), (7, 5), (5, 4), (5, 0), (7, 6), (6, 3), (6, 5), (5, 6), (5, 6), (6, 5), (5, 0), (6, 3)]
[(5, 1), (7, 3), (7, 5), (5, 7), (5, 7), (7, 5), (5, 1), (1, 0), (7, 3), (3, 2), (3, 1), (1, 3), (1, 3), (3, 1), (1, 0), (3, 2), (5, 1), (6, 2), (6, 5), (5, 6), (5, 6), (6, 5), (5, 1), (5, 0), (6, 2), (6, 3), (6, 5), (5, 6), (5, 6), (6, 5), (5, 0), (6, 3)]
[(5, 1), (7, 3), (7, 5), (5, 7), (5, 7), (7, 5), (5, 1), (5, 4), (7, 3), (7, 6), (7, 5), (5, 7), (5, 7), (7, 5), (5, 4), (5, 1), (7, 6), (6, 2), (6, 5), (5, 6), (5, 6), (6, 5), (5, 1), (5, 0), (6, 2), (6, 3), (6, 5), (5, 6), (5, 6), (6, 5), (5, 0), (6, 3)]
[(4, 0), (6, 2), (6, 4), (4, 6), (4, 6), (6, 4), (4, 0), (4, 1), (6, 2), (7, 2), (7, 4), (4, 7), (4, 7), (7, 4), (4, 1), (4, 0), (7, 2), (7, 3), (7, 4), (4, 7), (4, 7), (7, 4), (4, 0), (1, 0), (7, 3), (3, 2), (3, 1), (1, 3), (1, 3), (3, 1), (1, 0), (3, 2)]
[(4, 0), (6, 2), (6, 4), (4, 6), (4, 6), (6, 4), (4, 0), (4, 1), (6, 2), (7, 2), (7, 4), (4, 7), (4, 7), (7, 4), (4, 1), (4, 0), (7, 2), (7, 3), (7, 4), (4, 7), (4, 7), (7, 4), (4, 0), (5, 4), (7, 3), (7, 6), (7, 5), (5, 7), (5, 7), (7, 5), (5, 4), (7, 6)]
[(4, 0), (6, 2), (6, 4), (4, 6), (4, 6), (6, 4), (4, 0), (4, 1), (6, 2), (7, 2), (7, 4), (4, 7), (4, 7), (7, 4), (4, 1), (4, 0), (5, 1), (7, 2), (6, 2), (6, 5), (5, 6), (5, 6), (6, 5), (5, 1), (6, 2), (7, 3), (7, 4), (4, 7), (4, 7), (7, 4), (4, 0), (7, 3)]
[(4, 0), (6, 2), (6, 4), (4, 6), (4, 6), (6, 4), (4, 0), (4, 1), (6, 2), (7, 2), (7, 4), (4, 7), (4, 7), (7, 4), (4, 1), (4, 0), (7, 2), (7, 3), (7, 4), (4, 7), (4, 7), (7, 4), (4, 0), (5, 0), (7, 3), (6, 3), (6, 5), (5, 6), (5, 6), (6, 5), (5, 0), (6, 3)]
[(4, 0), (6, 2), (6, 4), (4, 6), (4, 6), (6, 4), (4, 0), (4, 1), (6, 2), (7, 2), (7, 4), (4, 7), (4, 7), (7, 4), (4, 1), (1, 0), (5, 4), (7, 2), (3, 2), (3, 1), (1, 3), (1, 3), (3, 1), (1, 0), (3, 2), (7, 6), (7, 5), (5, 7), (5, 7), (7, 5), (5, 4), (7, 6)]
[(4, 0), (6, 2), (6, 4), (4, 6), (4, 6), (6, 4), (4, 0), (4, 1), (6, 2), (7, 2), (7, 4), (4, 7), (4, 7), (7, 4), (4, 1), (1, 0), (7, 2), (3, 2), (3, 1), (1, 3), (1, 3), (3, 1), (1, 0), (3, 2), (5, 1), (6, 2), (6, 5), (5, 6), (5, 6), (6, 5), (5, 1), (6, 2)]
[(4, 0), (6, 2), (6, 4), (4, 6), (4, 6), (6, 4), (4, 0), (4, 1), (6, 2), (7, 2), (7, 4), (4, 7), (4, 7), (7, 4), (4, 1), (1, 0), (7, 2), (3, 2), (3, 1), (1, 3), (1, 3), (3, 1), (1, 0), (3, 2), (5, 0), (6, 3), (6, 5), (5, 6), (5, 6), (6, 5), (5, 0), (6, 3)]
[(4, 0), (6, 2), (6, 4), (4, 6), (4, 6), (6, 4), (4, 0), (4, 1), (6, 2), (7, 2), (7, 4), (4, 7), (4, 7), (7, 4), (4, 1), (5, 4), (7, 2), (7, 6), (7, 5), (5, 7), (5, 7), (7, 5), (5, 4), (5, 1), (7, 6), (6, 2), (6, 5), (5, 6), (5, 6), (6, 5), (5, 1), (6, 2)]
[(4, 0), (6, 2), (6, 4), (4, 6), (4, 6), (6, 4), (4, 0), (4, 1), (6, 2), (7, 2), (7, 4), (4, 7), (4, 7), (7, 4), (4, 1), (5, 4), (7, 2), (7, 6), (7, 5), (5, 7), (5, 7), (7, 5), (5, 4), (5, 0), (7, 6), (6, 3), (6, 5), (5, 6), (5, 6), (6, 5), (5, 0), (6, 3)]
[(4, 0), (6, 2), (6, 4), (4, 6), (4, 6), (6, 4), (4, 0), (4, 1), (6, 2), (7, 2), (7, 4), (4, 7), (4, 7), (7, 4), (4, 1), (5, 1), (7, 2), (6, 2), (6, 5), (5, 6), (5, 6), (6, 5), (5, 1), (5, 0), (6, 2), (6, 3), (6, 5), (5, 6), (5, 6), (6, 5), (5, 0), (6, 3)]
[(4, 0), (6, 2), (6, 4), (4, 6), (4, 6), (6, 4), (6, 2), (7, 3), (7, 4), (4, 7), (4, 7), (7, 4), (4, 0), (1, 0), (5, 4), (7, 3), (3, 2), (3, 1), (1, 3), (1, 3), (3, 1), (1, 0), (3, 2), (7, 6), (7, 5), (5, 7), (5, 7), (7, 5), (5, 4), (7, 6)]
[(4, 0), (6, 2), (6, 4), (4, 6), (4, 6), (6, 4), (6, 2), (7, 3), (7, 4), (4, 7), (4, 7), (7, 4), (4, 0), (1, 0), (7, 3), (3, 2), (3, 1), (1, 3), (1, 3), (3, 1), (1, 0), (3, 2), (5, 1), (6, 2), (6, 5), (5, 6), (5, 6), (6, 5), (5, 1), (6, 2)]
[(4, 0), (6, 2), (6, 4), (4, 6), (4, 6), (6, 4), (6, 2), (7, 3), (7, 4), (4, 7), (4, 7), (7, 4), (4, 0), (1, 0), (7, 3), (3, 2), (3, 1), (1, 3), (1, 3), (3, 1), (1, 0), (3, 2), (5, 0), (6, 3), (6, 5), (5, 6), (5, 6), (6, 5), (5, 0), (6, 3)]
[(4, 0), (6, 2), (6, 4), (4, 6), (4, 6), (6, 4), (6, 2), (7, 3), (7, 4), (4, 7), (4, 7), (7, 4), (4, 0), (5, 4), (7, 3), (7, 6), (7, 5), (5, 7), (5, 7), (7, 5), (5, 4), (5, 1), (7, 6), (6, 2), (6, 5), (5, 6), (5, 6), (6, 5), (5, 1), (6, 2)]
[(4, 0), (6, 2), (6, 4), (4, 6), (4, 6), (6, 4), (6, 2), (7, 3), (7, 4), (4, 7), (4, 7), (7, 4), (4, 0), (5, 4), (7, 3), (7, 6), (7, 5), (5, 7), (5, 7), (7, 5), (5, 4), (5, 0), (7, 6), (6, 3), (6, 5), (5, 6), (5, 6), (6, 5), (5, 0), (6, 3)]
[(4, 0), (5, 1), (6, 2), (6, 4), (4, 6), (4, 6), (6, 4), (6, 5), (5, 6), (5, 6), (6, 5), (5, 1), (6, 2), (7, 3), (7, 4), (4, 7), (4, 7), (7, 4), (4, 0), (5, 0), (7, 3), (6, 3), (6, 5), (5, 6), (5, 6), (6, 5), (5, 0), (6, 3)]
[(4, 0), (6, 2), (6, 4), (4, 6), (4, 6), (6, 4), (4, 0), (1, 0), (5, 4), (6, 2), (3, 2), (3, 1), (1, 3), (1, 3), (3, 1), (1, 0), (3, 2), (7, 6), (7, 5), (5, 7), (5, 7), (7, 5), (5, 4), (5, 1), (7, 6), (6, 2), (6, 5), (5, 6), (5, 6), (6, 5), (5, 1), (6, 2)]
[(4, 0), (6, 2), (6, 4), (4, 6), (4, 6), (6, 4), (4, 0), (1, 0), (5, 4), (6, 2), (3, 2), (3, 1), (1, 3), (1, 3), (3, 1), (1, 0), (3, 2), (7, 6), (7, 5), (5, 7), (5, 7), (7, 5), (5, 4), (5, 0), (7, 6), (6, 3), (6, 5), (5, 6), (5, 6), (6, 5), (5, 0), (6, 3)]
[(4, 0), (6, 2), (6, 4), (4, 6), (4, 6), (6, 4), (4, 0), (1, 0), (6, 2), (3, 2), (3, 1), (1, 3), (1, 3), (3, 1), (1, 0), (3, 2), (5, 1), (6, 2), (6, 5), (5, 6), (5, 6), (6, 5), (5, 1), (5, 0), (6, 2), (6, 3), (6, 5), (5, 6), (5, 6), (6, 5), (5, 0), (6, 3)]
[(4, 0), (6, 2), (6, 4), (4, 6), (4, 6), (6, 4), (4, 0), (5, 4), (6, 2), (7, 6), (7, 5), (5, 7), (5, 7), (7, 5), (5, 4), (5, 1), (7, 6), (6, 2), (6, 5), (5, 6), (5, 6), (6, 5), (5, 1), (5, 0), (6, 2), (6, 3), (6, 5), (5, 6), (5, 6), (6, 5), (5, 0), (6, 3)]
[(4, 1), (7, 2), (7, 4), (4, 7), (4, 7), (7, 4), (4, 1), (4, 0), (7, 2), (7, 3), (7, 4), (4, 7), (4, 7), (7, 4), (4, 0), (1, 0), (5, 4), (7, 3), (3, 2), (3, 1), (1, 3), (1, 3), (3, 1), (1, 0), (3, 2), (7, 6), (7, 5), (5, 7), (5, 7), (7, 5), (5, 4), (7, 6)]
[(4, 1), (7, 2), (7, 4), (4, 7), (4, 7), (7, 4), (4, 1), (4, 0), (7, 2), (7, 3), (7, 4), (4, 7), (4, 7), (7, 4), (4, 0), (1, 0), (7, 3), (3, 2), (3, 1), (1, 3), (1, 3), (3, 1), (1, 0), (3, 2), (5, 1), (6, 2), (6, 5), (5, 6), (5, 6), (6, 5), (5, 1), (6, 2)]
[(4, 1), (7, 2), (7, 4), (4, 7), (4, 7), (7, 4), (4, 1), (4, 0), (7, 2), (7, 3), (7, 4), (4, 7), (4, 7), (7, 4), (4, 0), (1, 0), (7, 3), (3, 2), (3, 1), (1, 3), (1, 3), (3, 1), (1, 0), (3, 2), (5, 0), (6, 3), (6, 5), (5, 6), (5, 6), (6, 5), (5, 0), (6, 3)]
[(4, 1), (7, 2), (7, 4), (4, 7), (4, 7), (7, 4), (4, 1), (4, 0), (7, 2), (7, 3), (7, 4), (4, 7), (4, 7), (7, 4), (4, 0), (5, 4), (7, 3), (7, 6), (7, 5), (5, 7), (5, 7), (7, 5), (5, 4), (5, 1), (7, 6), (6, 2), (6, 5), (5, 6), (5, 6), (6, 5), (5, 1), (6, 2)]
[(4, 1), (7, 2), (7, 4), (4, 7), (4, 7), (7, 4), (4, 1), (4, 0), (7, 2), (7, 3), (7, 4), (4, 7), (4, 7), (7, 4), (4, 0), (5, 4), (7, 3), (7, 6), (7, 5), (5, 7), (5, 7), (7, 5), (5, 4), (5, 0), (7, 6), (6, 3), (6, 5), (5, 6), (5, 6), (6, 5), (5, 0), (6, 3)]
[(4, 1), (7, 2), (7, 4), (4, 7), (4, 7), (7, 4), (4, 1), (4, 0), (5, 1), (7, 2), (6, 2), (6, 5), (5, 6), (5, 6), (6, 5), (5, 1), (6, 2), (7, 3), (7, 4), (4, 7), (4, 7), (7, 4), (4, 0), (5, 0), (7, 3), (6, 3), (6, 5), (5, 6), (5, 6), (6, 5), (5, 0), (6, 3)]
[(4, 1), (7, 2), (7, 4), (4, 7), (4, 7), (7, 4), (4, 1), (1, 0), (5, 4), (7, 2), (3, 2), (3, 1), (1, 3), (1, 3), (3, 1), (1, 0), (3, 2), (7, 6), (7, 5), (5, 7), (5, 7), (7, 5), (5, 4), (5, 1), (7, 6), (6, 2), (6, 5), (5, 6), (5, 6), (6, 5), (5, 1), (6, 2)]
[(4, 1), (7, 2), (7, 4), (4, 7), (4, 7), (7, 4), (4, 1), (1, 0), (5, 4), (7, 2), (3, 2), (3, 1), (1, 3), (1, 3), (3, 1), (1, 0), (3, 2), (7, 6), (7, 5), (5, 7), (5, 7), (7, 5), (5, 4), (5, 0), (7, 6), (6, 3), (6, 5), (5, 6), (5, 6), (6, 5), (5, 0), (6, 3)]
[(4, 1), (7, 2), (7, 4), (4, 7), (4, 7), (7, 4), (4, 1), (1, 0), (7, 2), (3, 2), (3, 1), (1, 3), (1, 3), (3, 1), (1, 0), (3, 2), (5, 1), (6, 2), (6, 5), (5, 6), (5, 6), (6, 5), (5, 1), (5, 0), (6, 2), (6, 3), (6, 5), (5, 6), (5, 6), (6, 5), (5, 0), (6, 3)]
[(4, 1), (7, 2), (7, 4), (4, 7), (4, 7), (7, 4), (4, 1), (5, 4), (7, 2), (7, 6), (7, 5), (5, 7), (5, 7), (7, 5), (5, 4), (5, 1), (7, 6), (6, 2), (6, 5), (5, 6), (5, 6), (6, 5), (5, 1), (5, 0), (6, 2), (6, 3), (6, 5), (5, 6), (5, 6), (6, 5), (5, 0), (6, 3)]
[(4, 0), (7, 3), (7, 4), (4, 7), (4, 7), (7, 4), (4, 0), (1, 0), (5, 4), (7, 3), (3, 2), (3, 1), (1, 3), (1, 3), (3, 1), (1, 0), (3, 2), (7, 6), (7, 5), (5, 7), (5, 7), (7, 5), (5, 4), (5, 1), (7, 6), (6, 2), (6, 5), (5, 6), (5, 6), (6, 5), (5, 1), (6, 2)]
[(4, 0), (7, 3), (7, 4), (4, 7), (4, 7), (7, 4), (4, 0), (1, 0), (5, 4), (7, 3), (3, 2), (3, 1), (1, 3), (1, 3), (3, 1), (1, 0), (3, 2), (7, 6), (7, 5), (5, 7), (5, 7), (7, 5), (5, 4), (5, 0), (7, 6), (6, 3), (6, 5), (5, 6), (5, 6), (6, 5), (5, 0), (6, 3)]
[(4, 0), (7, 3), (7, 4), (4, 7), (4, 7), (7, 4), (4, 0), (1, 0), (7, 3), (3, 2), (3, 1), (1, 3), (1, 3), (3, 1), (1, 0), (3, 2), (5, 1), (6, 2), (6, 5), (5, 6), (5, 6), (6, 5), (5, 1), (5, 0), (6, 2), (6, 3), (6, 5), (5, 6), (5, 6), (6, 5), (5, 0), (6, 3)]
[(4, 0), (7, 3), (7, 4), (4, 7), (4, 7), (7, 4), (4, 0), (5, 4), (7, 3), (7, 6), (7, 5), (5, 7), (5, 7), (7, 5), (5, 4), (5, 1), (7, 6), (6, 2), (6, 5), (5, 6), (5, 6), (6, 5), (5, 1), (5, 0), (6, 2), (6, 3), (6, 5), (5, 6), (5, 6), (6, 5), (5, 0), (6, 3)]
[(1, 0), (3, 2), (3, 1), (1, 3), (1, 3), (3, 1), (1, 0), (3, 2), (5, 4), (7, 6), (7, 5), (5, 7), (5, 7), (7, 5), (5, 4), (5, 1), (7, 6), (6, 2), (6, 5), (5, 6), (5, 6), (6, 5), (5, 1), (5, 0), (6, 2), (6, 3), (6, 5), (5, 6), (5, 6), (6, 5), (5, 0), (6, 3)]
[(4, 1), (5, 0), (6, 3), (6, 4), (4, 6), (4, 6), (6, 4), (4, 1), (6, 3), (7, 2), (7, 5), (5, 7), (5, 7), (7, 5), (5, 0), (4, 0), (5, 1), (7, 2), (6, 2), (6, 4), (4, 6), (4, 6), (6, 4), (4, 0), (6, 2), (7, 3), (7, 5), (5, 7), (5, 7), (7, 5), (5, 1), (4, 1), (7, 3), (7, 2), (7, 4), (4, 7), (4, 7), (7, 4), (4, 1), (4, 0), (7, 2), (7, 3), (7, 4), (4, 7), (4, 7), (7, 4), (4, 0), (1, 0), (5, 4), (7, 3), (3, 2), (3, 1), (1, 3), (1, 3), (3, 1), (1, 0), (3, 2), (7, 6), (7, 5), (5, 7), (5, 7), (7, 5), (5, 4), (5, 1), (7, 6), (6, 2), (6, 5), (5, 6), (5, 6), (6, 5), (5, 1), (5, 0), (6, 2), (6, 3), (6, 5), (5, 6), (5, 6), (6, 5), (5, 0), (6, 3)]